1 0.79375 0.3015625 0.084375 0.04375
1 0.91875 0.3484375 0.071875 0.040625
0 0.95859375 0.415625 0.0796875 0.10625
0 0.078125 0.23359375 0.1125 0.1109375
1 0.671875 0.7453125 0.08125 0.046875
1 0.94375 0.61875 0.078125 0.05
0 0.19296875 0.253125 0.0984375 0.115625
0 0.60546875 0.8703125 0.2109375 0.1625
1 0.203125 0.165625 0.059375 0.03125
0 0.91171875 0.721875 0.1703125 0.15
0 0.815625 0.4 0.190625 0.128125
1 0.11796875 0.1546875 0.0578125 0.034375
1 0.21875 0.6375 0.178125 0.1
0 0.1828125 0.87578125 0.303125 0.2453125
1 0.50234375 0.55625 0.3015625 0.25625