1 0.22421875 0.2703125 0.0640625 0.059375
1 0.41484375 0.4078125 0.0453125 0.040625
1 0.08671875 0.2875 0.0453125 0.046875
1 0.1828125 0.28359375 0.084375 0.0734375
1 0.44296875 0.5953125 0.0609375 0.078125
1 0.75625 0.3015625 0.071875 0.06875
0 0.14453125 0.42578125 0.1296875 0.2015625
1 0.3390625 0.25859375 0.103125 0.0796875
0 0.56015625 0.4484375 0.0984375 0.115625
0 0.85703125 0.50390625 0.2234375 0.2828125
1 0.85 0.28359375 0.134375 0.1046875
1 0.48046875 0.4125 0.0484375 0.05
0 0.5640625 0.609375 0.1875 0.10625
0 0.31875 0.428125 0.15 0.2125