1 0.084375 0.1796875 0.046875 0.065625
1 0.5609375 0.2125 0.04375 0.05
1 0.73515625 0.2140625 0.0609375 0.084375
0 0.86953125 0.45625 0.1359375 0.321875
1 0.35234375 0.2109375 0.0546875 0.071875
1 0.12890625 0.2 0.0796875 0.075
1 0.8921875 0.21171875 0.084375 0.1015625
1 0.66640625 0.21640625 0.0859375 0.1109375
0 0.6625 0.4453125 0.153125 0.3
0 0.35078125 0.37421875 0.0859375 0.2015625
0 0.49453125 0.38125 0.0859375 0.25
1 0.5015625 0.16953125 0.071875 0.0984375
0 0.13125 0.3984375 0.153125 0.253125