0 0.884375 0.71875 0.221875 0.5375
1 0.72265625 0.3375 0.1140625 0.1125
1 0.73046875 0.38046875 0.1109375 0.1140625
1 0.4109375 0.3046875 0.075 0.115625
1 0.83125 0.27890625 0.09375 0.1140625
1 0.596875 0.3375 0.115625 0.11875
0 0.096875 0.74375 0.19375 0.50625
1 0.321875 0.32578125 0.115625 0.1296875
0 0.484375 0.6859375 0.228125 0.484375
1 0.23359375 0.2765625 0.1109375 0.134375
1 0.49296875 0.24453125 0.1203125 0.1265625
1 0.9171875 0.2671875 0.103125 0.128125
1 0.07890625 0.296875 0.1328125 0.14375