0 0.74765625 0.31640625 0.0671875 0.0828125
0 0.67578125 0.340625 0.0671875 0.0875
1 0.990625 0.27734375 0.015625 0.0359375
0 0.9796875 0.34765625 0.0375 0.0890625
0 0.91640625 0.31796875 0.0640625 0.0796875
1 0.98125 0.29765625 0.03125 0.0203125
1 0.6625 0.2765625 0.0375 0.040625
1 0.5703125 0.16015625 0.075 0.0578125
1 0.73828125 0.25390625 0.0453125 0.0421875
0 0.303125 0.34453125 0.2625 0.4828125
1 0.92421875 0.25390625 0.0453125 0.0390625
0 0.56796875 0.31328125 0.1609375 0.1953125
0 0.07890625 0.32890625 0.1578125 0.5328125
1 0.4484375 0.1125 0.16875 0.196875