0 0.8140625 0.55078125 0.159375 0.3171875
1 0.01953125 0.34609375 0.0328125 0.0703125
1 0.18515625 0.321875 0.0578125 0.065625
1 0.13359375 0.2640625 0.0734375 0.09375
1 0.0109375 0.23671875 0.021875 0.0703125
1 0.07265625 0.2671875 0.0796875 0.0875
1 0.265625 0.3390625 0.065625 0.0875
0 0.2609375 0.56484375 0.13125 0.2578125
1 0.4140625 0.31875 0.071875 0.103125
1 0.79609375 0.31875 0.1015625 0.125
0 0.58125 0.4828125 0.153125 0.321875
0 0.42578125 0.5375 0.1453125 0.26875
1 0.5609375 0.25078125 0.084375 0.0984375