1 0.5421875 0.22421875 0.034375 0.0484375
1 0.13671875 0.15390625 0.0421875 0.0484375
1 0.43828125 0.2125 0.0421875 0.05
1 0.9140625 0.175 0.046875 0.0625
0 0.1203125 0.4515625 0.1375 0.31875
1 0.646875 0.2109375 0.05 0.071875
1 0.86328125 0.196875 0.0796875 0.075
1 0.26328125 0.2140625 0.0671875 0.084375
0 0.50625 0.3796875 0.096875 0.246875
1 0.49609375 0.17109375 0.0734375 0.1015625
1 0.33515625 0.21796875 0.0765625 0.1078125
0 0.8625 0.3953125 0.134375 0.240625
1 0.10546875 0.2078125 0.0890625 0.109375
0 0.646875 0.37421875 0.0875 0.2015625
0 0.3375 0.4390625 0.159375 0.29375