1 0.1265625 0.3546875 0.05 0.071875
1 0.8578125 0.34765625 0.053125 0.0796875
0 0.23203125 0.60859375 0.1015625 0.2953125
1 0.01484375 0.3375 0.0296875 0.06875
1 0.30546875 0.31328125 0.0453125 0.0703125
0 0.671875 0.603125 0.109375 0.30625
1 0.91796875 0.353125 0.0546875 0.08125
1 0.46953125 0.34765625 0.0515625 0.0765625
1 0.77890625 0.36328125 0.0546875 0.0703125
0 0.53671875 0.64296875 0.1046875 0.2890625
1 0.53671875 0.3984375 0.0546875 0.078125
1 0.66640625 0.34921875 0.0546875 0.0828125
1 0.06875 0.3171875 0.059375 0.075
1 0.33359375 0.3453125 0.0515625 0.075
1 0.23203125 0.36796875 0.0546875 0.0796875
1 0.4265625 0.29765625 0.05 0.0765625
1 0.98359375 0.2359375 0.0296875 0.078125
1 0.56484375 0.29140625 0.0546875 0.0703125
1 0.72890625 0.315625 0.0578125 0.071875
0 0.12578125 0.584375 0.1078125 0.265625
1 0.1796875 0.321875 0.05 0.06875
1 0.3734375 0.4515625 0.059375 0.084375
0 0.36875 0.67734375 0.090625 0.2421875
0 0.78203125 0.61953125 0.0859375 0.2734375
0 0.9140625 0.6078125 0.1125 0.2875