1 0.1859375 0.415625 0.025 0.046875
1 0.62265625 0.34453125 0.0609375 0.0828125
0 0.1140625 0.5796875 0.084375 0.171875
0 0.234375 0.5171875 0.04375 0.13125
0 0.2890625 0.5296875 0.065625 0.190625
1 0.6921875 0.359375 0.046875 0.065625
1 0.2875 0.3984375 0.04375 0.059375
1 0.759375 0.35625 0.040625 0.059375
1 0.15390625 0.40703125 0.0234375 0.0421875
1 0.809375 0.52265625 0.046875 0.0703125
0 0.77421875 0.66328125 0.0703125 0.1953125
1 0.52890625 0.3296875 0.0609375 0.090625
1 0.2328125 0.41328125 0.034375 0.0546875
1 0.38125 0.365625 0.084375 0.125