0 0.33359375 0.58828125 0.1171875 0.2828125
0 0.21015625 0.60859375 0.1078125 0.2828125
1 0.62578125 0.4546875 0.0546875 0.06875
1 0.14140625 0.34765625 0.0546875 0.0796875
1 0.21953125 0.36484375 0.0546875 0.0703125
1 0.08046875 0.35546875 0.0546875 0.0796875
1 0.69453125 0.309375 0.0421875 0.065625
1 0.53125 0.34921875 0.05 0.0828125
0 0.76796875 0.61171875 0.1046875 0.2953125
1 0.665625 0.3453125 0.053125 0.075
1 0.4609375 0.39609375 0.05625 0.0765625
1 0.9828125 0.340625 0.03125 0.084375
1 0.87109375 0.353125 0.0515625 0.071875
1 0.27109375 0.31875 0.0546875 0.071875
1 0.33125 0.35 0.053125 0.08125
1 0.76953125 0.36875 0.0546875 0.08125
0 0.87265625 0.58359375 0.1140625 0.2640625
0 0.45859375 0.640625 0.1015625 0.284375
1 0.57109375 0.2984375 0.0515625 0.078125
1 0.93125 0.31796875 0.059375 0.0765625
1 0.01328125 0.234375 0.0265625 0.06875
1 0.434375 0.290625 0.053125 0.06875
1 0.8203125 0.321875 0.046875 0.06875
0 0.62890625 0.69375 0.1015625 0.30625
0 0.52890625 0.55390625 0.0953125 0.2703125
0 0.08125 0.61015625 0.1125 0.2890625
0 0.415625 0.47421875 0.071875 0.1828125
0 0.9703125 0.565625 0.05625 0.30625