0 0.7390625 0.50546875 0.0875 0.2390625
0 0.12890625 0.56484375 0.0671875 0.2265625
1 0.8125 0.29453125 0.059375 0.0890625
1 0.52578125 0.34453125 0.0671875 0.0828125
1 0.65625 0.35625 0.053125 0.084375
0 0.52578125 0.53515625 0.1078125 0.2859375
0 0.359375 0.546875 0.09375 0.25
1 0.125 0.3859375 0.053125 0.084375
1 0.72421875 0.31796875 0.0640625 0.0765625
0 0.87890625 0.46953125 0.0609375 0.2265625
1 0.415625 0.353125 0.053125 0.078125
0 0.0625 0.5734375 0.075 0.23125
1 0.97421875 0.2609375 0.0484375 0.084375
1 0.871875 0.296875 0.05 0.084375
1 0.359375 0.365625 0.053125 0.090625
1 0.0609375 0.39765625 0.05625 0.0953125