0 0.1109375 0.4953125 0.10625 0.2875
0 0.8859375 0.46953125 0.171875 0.2734375
0 0.0375 0.4765625 0.075 0.296875
0 0.95078125 0.453125 0.0953125 0.284375
0 0.72109375 0.45390625 0.1515625 0.2453125
1 0.02734375 0.25 0.0546875 0.08125
1 0.08828125 0.28125 0.0765625 0.08125
1 0.7140625 0.25859375 0.078125 0.0765625
0 0.21875 0.47578125 0.165625 0.2890625
1 0.2421875 0.253125 0.096875 0.0875
1 0.4578125 0.25 0.0875 0.084375
1 0.8640625 0.25234375 0.0875 0.0921875
1 0.9609375 0.22890625 0.075 0.0859375
0 0.4703125 0.45078125 0.178125 0.2578125