0 0.46484375 0.47265625 0.1203125 0.1265625
0 0.26953125 0.41953125 0.0671875 0.1359375
1 0.7515625 0.34453125 0.025 0.0296875
0 0.4625 0.3328125 0.103125 0.153125
1 0.24609375 0.31328125 0.0390625 0.0484375
0 0.6125 0.334375 0.10625 0.196875
1 0.5703125 0.20546875 0.059375 0.0828125
1 0.92578125 0.28359375 0.1453125 0.2203125
0 0.94140625 0.59765625 0.1140625 0.3953125
1 0.78203125 0.0703125 0.1265625 0.140625
1 0.3609375 0.42265625 0.075 0.1171875
1 0.45390625 0.2046875 0.0546875 0.06875
1 0.21015625 0.56171875 0.0890625 0.1796875