1 0.2515625 0.22109375 0.1125 0.0765625
1 0.6078125 0.25703125 0.14375 0.1078125
1 0.7390625 0.28359375 0.159375 0.1046875
1 0.403125 0.23203125 0.0875 0.0640625
1 0.21484375 0.27734375 0.0953125 0.0765625
1 0.2 0.67890625 0.14375 0.0953125
1 0.09140625 0.1734375 0.0953125 0.059375
1 0.30546875 0.55703125 0.1234375 0.0921875
1 0.48515625 0.2453125 0.1078125 0.115625
1 0.33515625 0.284375 0.1109375 0.071875
0 0.86328125 0.86484375 0.2578125 0.2671875
1 0.14140625 0.23359375 0.1078125 0.0765625
1 0.8390625 0.246875 0.128125 0.0875
1 0.72734375 0.55703125 0.1359375 0.0921875
1 0.6109375 0.63828125 0.153125 0.1078125
1 0.39140625 0.6953125 0.1609375 0.1125
1 0.03984375 0.6453125 0.0796875 0.1
1 0.03984375 0.26484375 0.0796875 0.0921875
1 0.85546875 0.62421875 0.1765625 0.1203125