0 0.9015625 0.490625 0.0375 0.06875
0 0.7046875 0.4828125 0.040625 0.0875
1 0.89609375 0.42734375 0.0203125 0.0203125
1 0.77578125 0.2875 0.0421875 0.04375
0 0.97578125 0.48515625 0.0328125 0.0703125
0 0.64921875 0.43515625 0.0671875 0.1421875
1 0.646875 0.31328125 0.0375 0.0359375
0 0.3015625 0.3703125 0.1125 0.2125
0 0.415625 0.3578125 0.08125 0.26875
1 0.28671875 0.1765625 0.0703125 0.065625
1 0.42578125 0.1109375 0.0765625 0.071875
1 0.49453125 0.05234375 0.0828125 0.0828125
0 0.51328125 0.3203125 0.1296875 0.3
0 0.784375 0.4203125 0.071875 0.146875