1 0.42109375 0.1484375 0.0859375 0.0875
0 0.48125 0.36640625 0.10625 0.3171875
1 0.484375 0.13203125 0.05625 0.0609375
1 0.525 0.07890625 0.053125 0.0609375
1 0.75703125 0.0859375 0.0390625 0.05625
0 0.6375 0.23671875 0.06875 0.1609375
1 0.23046875 0.125 0.0890625 0.08125
1 0.6265625 0.121875 0.046875 0.053125
1 0.32265625 0.1265625 0.0953125 0.090625
1 0.8125 0.07890625 0.084375 0.0828125
0 0.340625 0.38203125 0.18125 0.3296875
0 0.19375 0.32421875 0.15 0.2671875
0 0.8109375 0.24765625 0.13125 0.2140625