0 0.8890625 0.496875 0.09375 0.278125
1 0.9734375 0.25390625 0.05 0.0890625
0 0.0421875 0.45390625 0.084375 0.2921875
0 0.9625 0.4796875 0.071875 0.296875
1 0.28203125 0.2578125 0.0859375 0.078125
1 0.91328125 0.28359375 0.0796875 0.0859375
0 0.1046875 0.47109375 0.18125 0.2671875
0 0.78046875 0.47421875 0.1609375 0.2859375
1 0.75625 0.25234375 0.096875 0.0890625
0 0.27734375 0.4515625 0.1546875 0.246875
1 0.13203125 0.253125 0.0921875 0.09375
1 0.5390625 0.2484375 0.0875 0.084375
1 0.03671875 0.2328125 0.0734375 0.090625
0 0.5296875 0.45234375 0.175 0.2578125