1 0.340625 0.4171875 0.04375 0.03125
1 0.059375 0.4390625 0.034375 0.025
1 0.48125 0.40078125 0.040625 0.0328125
1 0.58359375 0.425 0.0578125 0.0375
1 0.52890625 0.38984375 0.0484375 0.0359375
0 0.2703125 0.51953125 0.084375 0.1140625
1 0.26953125 0.41015625 0.0640625 0.0390625
1 0.67578125 0.34140625 0.0796875 0.0546875
1 0.12421875 0.41953125 0.0578125 0.0421875
1 0.396875 0.39140625 0.053125 0.0421875
0 0.5859375 0.54453125 0.10625 0.1296875
1 0.75859375 0.396875 0.0828125 0.0625
0 0.40546875 0.5171875 0.0921875 0.134375
0 0.13125 0.534375 0.09375 0.1375
0 0.74296875 0.5546875 0.1328125 0.1875