1 0.28984375 0.44140625 0.0421875 0.0484375
1 0.334375 0.45 0.040625 0.040625
1 0.43046875 0.4859375 0.0640625 0.065625
0 0.03671875 0.95703125 0.0734375 0.0828125
1 0.11484375 0.4140625 0.0671875 0.059375
0 0.33203125 0.58828125 0.1171875 0.1640625
1 0.17578125 0.45625 0.1078125 0.115625
1 0.36484375 0.48359375 0.0828125 0.0734375
0 0.22578125 0.60703125 0.1390625 0.1703125
0 0.79140625 0.59140625 0.3109375 0.3390625
1 0.25390625 0.4796875 0.0921875 0.090625
0 0.08046875 0.6328125 0.1609375 0.309375
1 0.7296875 0.31953125 0.1875 0.1390625