1 0.46171875 0.1640625 0.0265625 0.075
1 0.196875 0.18515625 0.046875 0.1109375
1 0.296875 0.24609375 0.034375 0.0921875
1 0.71484375 0.16796875 0.0296875 0.0671875
1 0.7375 0.20703125 0.034375 0.0859375
1 0.80078125 0.1875 0.0359375 0.09375
1 0.39765625 0.12578125 0.0296875 0.0703125
0 0.35703125 0.484375 0.0640625 0.375
1 0.2265625 0.16171875 0.034375 0.0921875
1 0.15625 0.10546875 0.034375 0.0859375
1 0.83203125 0.1390625 0.0296875 0.078125
1 0.3578125 0.18984375 0.034375 0.0953125
1 0.6046875 0.17578125 0.03125 0.0671875
0 0.6703125 0.465625 0.059375 0.346875
0 0.60546875 0.43203125 0.0609375 0.2921875
1 0.55703125 0.13671875 0.0296875 0.0890625
1 0.3140625 0.1390625 0.034375 0.09375
0 0.5171875 0.39609375 0.059375 0.3109375
1 0.86484375 0.1546875 0.0421875 0.09375
1 0.2625 0.16171875 0.0375 0.0953125
1 0.5171875 0.14140625 0.03125 0.0890625
1 0.6703125 0.2015625 0.03125 0.084375
1 0.6640625 0.096875 0.028125 0.065625
0 0.18984375 0.53515625 0.0859375 0.4109375
1 0.05859375 0.14296875 0.0546875 0.1140625
0 0.06171875 0.53671875 0.1234375 0.4890625
1 0.434375 0.16875 0.03125 0.090625
1 0.9359375 0.15859375 0.046875 0.1140625
1 0.128125 0.16171875 0.046875 0.1171875
0 0.94140625 0.50859375 0.1015625 0.3953125
0 0.3015625 0.55390625 0.075 0.3578125
0 0.43359375 0.44921875 0.0828125 0.3546875
0 0.73984375 0.47265625 0.0734375 0.3328125
0 0.8578125 0.47890625 0.0625 0.4015625