0 0.62421875 0.334375 0.0921875 0.278125
1 0.6640625 0.36640625 0.075 0.1109375
1 0.8078125 0.25625 0.0625 0.096875
0 0.89453125 0.45 0.0921875 0.21875
0 0.81953125 0.4734375 0.1140625 0.278125
1 0.4203125 0.29140625 0.08125 0.1203125
1 0.684375 0.20546875 0.075 0.0984375
1 0.64375 0.140625 0.06875 0.109375
1 0.725 0.1 0.075 0.109375
1 0.8640625 0.2734375 0.078125 0.109375
1 0.47890625 0.334375 0.0828125 0.115625
1 0.190625 0.16953125 0.08125 0.1109375
0 0.234375 0.375 0.10625 0.3
0 0.48203125 0.56875 0.1359375 0.30625