1 0.4390625 0.4515625 0.0375 0.0375
0 0.3890625 0.41484375 0.0625 0.1390625
0 0.665625 0.54296875 0.0875 0.1234375
1 0.12265625 0.31640625 0.0390625 0.0421875
1 0.54296875 0.28046875 0.0484375 0.0453125
0 0.12265625 0.4203125 0.0671875 0.13125
1 0.82265625 0.2796875 0.0515625 0.04375
1 0.06640625 0.3171875 0.0421875 0.0375
1 0.759375 0.26171875 0.04375 0.0390625
0 0.7484375 0.3828125 0.08125 0.13125
0 0.62109375 0.36953125 0.0609375 0.1078125
1 0.38984375 0.30703125 0.0296875 0.0296875
1 0.30546875 0.284375 0.0421875 0.040625
0 0.053125 0.43046875 0.08125 0.1453125
0 0.54375 0.4015625 0.075 0.14375
0 0.83046875 0.4109375 0.0734375 0.159375
0 0.90703125 0.39453125 0.0859375 0.1515625
1 0.8984375 0.2703125 0.04375 0.04375
1 0.67265625 0.43671875 0.0453125 0.0453125