1 0.46171875 0.15703125 0.0703125 0.0578125
1 0.4421875 0.23984375 0.065625 0.0578125
1 0.6953125 0.12734375 0.05 0.0421875
1 0.36484375 0.22421875 0.0703125 0.0609375
1 0.8109375 0.14765625 0.04375 0.0484375
1 0.30078125 0.1875 0.0828125 0.078125
1 0.1875 0.225 0.096875 0.078125
0 0.19921875 0.503125 0.1796875 0.321875
0 0.3078125 0.459375 0.165625 0.353125
0 0.82421875 0.265625 0.0984375 0.1625
0 0.77265625 0.28671875 0.0796875 0.1890625
0 0.7015625 0.32578125 0.1 0.2296875
0 0.61796875 0.3171875 0.1171875 0.240625
0 0.56796875 0.35078125 0.1140625 0.2640625
0 0.3921875 0.42890625 0.128125 0.2921875
1 0.63125 0.1453125 0.078125 0.0625
1 0.5609375 0.1328125 0.053125 0.053125
1 0.76953125 0.1625 0.0390625 0.04375
1 0.54140625 0.1796875 0.0640625 0.05
1 0.73046875 0.20078125 0.0609375 0.0453125