0 0.62421875 0.334375 0.0921875 0.278125
1 0.66171875 0.36640625 0.0796875 0.1109375
1 0.809375 0.25390625 0.065625 0.1046875
0 0.89140625 0.446875 0.0984375 0.225
0 0.81953125 0.47578125 0.1140625 0.2828125
1 0.684375 0.20234375 0.075 0.0921875
1 0.4203125 0.29375 0.08125 0.115625
1 0.64375 0.140625 0.06875 0.109375
1 0.8640625 0.27109375 0.078125 0.1046875
1 0.728125 0.09765625 0.071875 0.1046875
1 0.47890625 0.334375 0.0828125 0.115625
1 0.190625 0.16953125 0.08125 0.1109375
0 0.2328125 0.375 0.109375 0.3125
0 0.48203125 0.565625 0.1359375 0.3125