0 0.6046875 0.315625 0.034375 0.084375
1 0.225 0.225 0.025 0.021875
1 0.60078125 0.24296875 0.0234375 0.0265625
1 0.3546875 0.2640625 0.03125 0.03125
1 0.26953125 0.2328125 0.0296875 0.0375
1 0.403125 0.2265625 0.025 0.028125
0 0.09375 0.403125 0.1625 0.225
1 0.74921875 0.21484375 0.0421875 0.0421875
0 0.28203125 0.43828125 0.1546875 0.2859375
1 0.3125 0.20078125 0.071875 0.0703125
1 0.05 0.2046875 0.08125 0.08125
1 0.5125 0.121875 0.0625 0.05625
1 0.80234375 0.23515625 0.0734375 0.0703125
0 0.79296875 0.43359375 0.1390625 0.2359375
0 0.51640625 0.33203125 0.1390625 0.2546875