1 0.26484375 0.696875 0.0265625 0.01875
0 0.35625 0.75703125 0.06875 0.0609375
1 0.59921875 0.6984375 0.0296875 0.01875
1 0.12109375 0.70859375 0.0328125 0.0203125
1 0.15 0.7 0.028125 0.015625
1 0.04296875 0.78671875 0.0359375 0.0234375
1 0.715625 0.75859375 0.03125 0.0203125
0 0.05078125 0.8390625 0.0765625 0.065625
1 0.91484375 0.671875 0.0296875 0.015625
1 0.0421875 0.71875 0.034375 0.01875
1 0.24453125 0.709375 0.0296875 0.01875
1 0.29765625 0.70625 0.0390625 0.01875
1 0.921875 0.75859375 0.034375 0.0171875
0 0.91328125 0.71484375 0.0546875 0.0515625
1 0.3546875 0.70859375 0.034375 0.0203125
1 0.18671875 0.70859375 0.0328125 0.0203125
1 0.76484375 0.6984375 0.0296875 0.01875
0 0.65 0.29375 0.51875 0.30625