1 0.38203125 0.3390625 0.0203125 0.03125
1 0.54296875 0.31640625 0.0109375 0.0171875
1 0.4375 0.3296875 0.0125 0.01875
1 0.20390625 0.275 0.0140625 0.028125
1 0.17265625 0.33359375 0.0140625 0.0203125
0 0.30546875 0.3796875 0.0171875 0.046875
1 0.47578125 0.3203125 0.0109375 0.01875
1 0.57890625 0.2453125 0.0203125 0.028125
1 0.56328125 0.34609375 0.0140625 0.0328125
1 0.40703125 0.36015625 0.0171875 0.0234375
0 0.40859375 0.41875 0.0296875 0.0875
1 0.48828125 0.5578125 0.0578125 0.096875
1 0.4921875 0.46796875 0.040625 0.0609375