1 0.6015625 0.2609375 0.05625 0.059375
1 0.66640625 0.2546875 0.0578125 0.0625
1 0.3421875 0.49375 0.059375 0.053125
1 0.4234375 0.40703125 0.059375 0.0609375
1 0.50234375 0.19375 0.0578125 0.05625
1 0.20859375 0.52578125 0.0609375 0.0671875
1 0.409375 0.26015625 0.05625 0.0609375
1 0.26640625 0.45 0.0578125 0.05625
1 0.54296875 0.23984375 0.0609375 0.0640625
1 0.2109375 0.2828125 0.053125 0.053125
1 0.7265625 0.2234375 0.0625 0.071875
1 0.11640625 0.2984375 0.0546875 0.05625
1 0.33046875 0.20546875 0.0578125 0.0484375
1 0.84140625 0.23828125 0.0671875 0.0765625