1 0.846875 0.4875 0.1625 0.290625
1 0.13125 0.8 0.175 0.28125
1 0.52421875 0.203125 0.1609375 0.284375
1 0.84609375 0.1453125 0.1609375 0.284375
1 0.31484375 0.734375 0.1703125 0.2625
1 0.678125 0.1546875 0.15625 0.296875
1 0.665625 0.78671875 0.16875 0.2890625
1 0.034375 0.171875 0.065625 0.290625
1 0.490625 0.81875 0.175 0.31875
1 0.14921875 0.1609375 0.1640625 0.309375
1 0.66796875 0.47734375 0.1671875 0.2890625
1 0.496875 0.49375 0.16875 0.290625
1 0.315625 0.49375 0.171875 0.278125
1 0.146875 0.4875 0.165625 0.290625
1 0.3140625 0.4953125 0.15625 0.275
1 0.859375 0.80859375 0.178125 0.2734375
1 0.35234375 0.1859375 0.1609375 0.271875