0 0.84140625 0.50078125 0.0578125 0.0953125
0 0.31875 0.503125 0.053125 0.08125
0 0.1 0.528125 0.196875 0.278125
1 0.90078125 0.40625 0.0484375 0.034375
0 0.52265625 0.51875 0.0890625 0.121875
0 0.39609375 0.51953125 0.1046875 0.1390625
1 0.62265625 0.4171875 0.0390625 0.03125
1 0.71640625 0.39453125 0.0515625 0.0328125
1 0.84921875 0.403125 0.0453125 0.03125
0 0.93984375 0.528125 0.1171875 0.146875
1 0.5171875 0.41640625 0.05 0.0390625
0 0.7140625 0.51328125 0.09375 0.1203125
1 0.39453125 0.3875 0.0609375 0.04375
1 0.14375 0.275 0.16875 0.115625
1 0.95625 0.3875 0.071875 0.04375
0 0.61640625 0.5 0.0703125 0.10625
1 0.33203125 0.42578125 0.0484375 0.0390625
1 0.45234375 0.440625 0.0453125 0.028125
1 0.13671875 0.05390625 0.1796875 0.1015625