1 0.209375 0.33359375 0.034375 0.0390625
0 0.18984375 0.478125 0.0984375 0.228125
1 0.1140625 0.31484375 0.04375 0.0390625
0 0.38515625 0.675 0.1359375 0.265625
0 0.0671875 0.4640625 0.121875 0.1875
1 0.0421875 0.2953125 0.075 0.05625
1 0.1640625 0.2859375 0.065625 0.0625
1 0.35078125 0.415625 0.1171875 0.11875
0 0.79765625 0.54140625 0.2109375 0.3609375
1 0.46328125 0.38671875 0.0578125 0.0703125
1 0.2734375 0.29453125 0.0875 0.0796875
0 0.48203125 0.5625 0.0859375 0.23125
1 0.834375 0.19765625 0.175 0.1484375
0 0.27265625 0.5453125 0.0921875 0.296875