1 0.725 0.30546875 0.071875 0.0453125
1 0.2921875 0.2984375 0.08125 0.065625
1 0.4828125 0.246875 0.0625 0.0375
1 0.22421875 0.2875 0.0734375 0.059375
1 0.5953125 0.25625 0.071875 0.053125
1 0.75546875 0.25390625 0.0546875 0.0296875
1 0.08984375 0.2609375 0.0890625 0.0625
1 0.434375 0.22890625 0.053125 0.0359375
1 0.64921875 0.23203125 0.0515625 0.0390625
1 0.36796875 0.24765625 0.0671875 0.0578125
1 0.428125 0.30546875 0.075 0.0515625
1 0.65078125 0.34140625 0.1015625 0.0671875
1 0.28125 0.22890625 0.0625 0.0453125
1 0.91875 0.41015625 0.128125 0.0859375
1 0.1734375 0.38359375 0.11875 0.0921875
1 0.02734375 0.36640625 0.0546875 0.0984375
1 0.89609375 0.31171875 0.0953125 0.0671875
1 0.36171875 0.33359375 0.0984375 0.0765625
1 0.51953125 0.32109375 0.1140625 0.0953125
1 0.78984375 0.4171875 0.1296875 0.10625
1 0.36171875 0.040625 0.1015625 0.06875
1 0.36640625 0.12890625 0.0828125 0.0671875
1 0.525 0.0546875 0.121875 0.103125
1 0.6546875 0.03515625 0.1 0.0671875
1 0.8953125 0.06015625 0.10625 0.0703125
1 0.59609375 0.1140625 0.0703125 0.0625
1 0.09296875 0.1140625 0.1078125 0.059375
1 0.221875 0.08671875 0.075 0.0578125
1 0.2875 0.0734375 0.0875 0.084375
1 0.65625 0.14453125 0.0625 0.0453125