0 0.47890625 0.184375 0.0203125 0.04375
1 0.4765625 0.146875 0.0125 0.01875
1 0.503125 0.1359375 0.01875 0.025
1 0.96796875 0.18828125 0.0203125 0.0265625
0 0.51796875 0.1984375 0.0265625 0.071875
1 0.51796875 0.15234375 0.0140625 0.0203125
1 0.78515625 0.346875 0.0296875 0.046875
0 0.31953125 0.24453125 0.0953125 0.1921875
0 0.8375 0.38828125 0.078125 0.1078125
0 0.14140625 0.3015625 0.1546875 0.325
1 0.1828125 0.06015625 0.1 0.1109375
1 0.31171875 0.0953125 0.0484375 0.0625
0 0.7171875 0.27734375 0.121875 0.2234375
1 0.715625 0.090625 0.06875 0.084375