1 0.80859375 0.35625 0.0203125 0.040625
0 0.471875 0.3375 0.021875 0.05625
0 0.35625 0.403125 0.025 0.078125
1 0.6859375 0.409375 0.04375 0.078125
0 0.128125 0.321875 0.025 0.084375
1 0.15625 0.26875 0.01875 0.028125
0 0.2671875 0.371875 0.028125 0.075
1 0.98125 0.1578125 0.034375 0.06875
1 0.275 0.31484375 0.015625 0.0265625
1 0.06171875 0.30625 0.0171875 0.025
1 0.134375 0.253125 0.01875 0.03125
0 0.059375 0.34921875 0.021875 0.0515625
1 0.83125 0.3625 0.025 0.053125
1 0.515625 0.384375 0.025 0.05
1 0.353125 0.33359375 0.021875 0.0265625
0 0.15625 0.3328125 0.025 0.084375
0 0.909375 0.8046875 0.165625 0.378125
1 0.9015625 0.465625 0.090625 0.15
1 0.61484375 0.446875 0.1234375 0.20625
1 0.1046875 0.60546875 0.20625 0.4109375
0 0.39921875 0.33359375 0.0296875 0.0515625
0 0.2125 0.3671875 0.028125 0.0625
0 0.1875 0.37109375 0.025 0.0671875
0 0.09375 0.33359375 0.015625 0.0421875