1 0.12734375 0.4515625 0.0484375 0.084375
0 0.21953125 0.66875 0.0859375 0.196875
0 0.7109375 0.52890625 0.05625 0.1796875
1 0.37421875 0.34140625 0.0578125 0.0765625
0 0.88125 0.5734375 0.090625 0.184375
1 0.7125 0.3953125 0.040625 0.053125
1 0.1890625 0.52578125 0.053125 0.0765625
0 0.765625 0.52578125 0.046875 0.1359375
1 0.61796875 0.36640625 0.0703125 0.1015625
1 0.47109375 0.3265625 0.0578125 0.084375
1 0.84453125 0.40703125 0.0234375 0.0296875
1 0.765625 0.415625 0.034375 0.046875
1 0.240625 0.35625 0.04375 0.059375
1 0.30625 0.359375 0.040625 0.065625