0 0.415625 0.36875 0.134375 0.334375
0 0.80625 0.171875 0.0875 0.221875
0 0.06328125 0.15 0.0796875 0.140625
0 0.715625 0.1859375 0.08125 0.203125
0 0.884375 0.18515625 0.0875 0.2140625
0 0.23046875 0.346875 0.1234375 0.265625
1 0.0703125 0.03515625 0.059375 0.0671875
1 0.1765625 0.10546875 0.059375 0.0828125
1 0.62109375 0.02109375 0.0484375 0.0421875
1 0.7359375 0.0390625 0.053125 0.078125
1 0.18359375 0.04609375 0.0484375 0.0671875
1 0.35390625 0.025 0.0359375 0.05
1 0.79609375 0.028125 0.0671875 0.05625
1 0.28125 0.05078125 0.059375 0.1015625
0 0.959375 0.30234375 0.078125 0.2828125
1 0.3609375 0.309375 0.11875 0.1625
1 0.40390625 0.09296875 0.0734375 0.1140625
1 0.24375 0.13203125 0.06875 0.1203125
0 0.61171875 0.6859375 0.2296875 0.528125
1 0.9796875 0.109375 0.0375 0.13125
1 0.88125 0.02734375 0.059375 0.0546875
1 0.6015625 0.2859375 0.121875 0.225