1 0.396875 0.36796875 0.06875 0.0609375
1 0.91015625 0.38125 0.0671875 0.059375
0 0.38671875 0.53671875 0.1109375 0.2390625
1 0.50859375 0.3296875 0.0828125 0.065625
1 0.1265625 0.35234375 0.08125 0.0671875
1 0.64453125 0.3703125 0.0796875 0.0625
0 0.85625 0.54453125 0.175 0.2671875
1 0.26875 0.35390625 0.071875 0.0609375
0 0.13671875 0.50390625 0.1390625 0.2046875
0 0.49921875 0.528125 0.1578125 0.275
0 0.653125 0.56015625 0.153125 0.2671875
0 0.2765625 0.50078125 0.134375 0.1890625
1 0.85859375 0.3640625 0.0671875 0.071875