1 0.88125 0.83984375 0.040625 0.0390625
1 0.89296875 0.80625 0.0359375 0.034375
0 0.8046875 0.909375 0.059375 0.09375
0 0.8921875 0.9078125 0.053125 0.08125
0 0.6296875 0.275 0.0625 0.08125
1 0.4703125 0.24375 0.0375 0.040625
1 0.8046875 0.80625 0.034375 0.034375
1 0.81640625 0.84140625 0.0390625 0.0359375
1 0.6484375 0.21953125 0.04375 0.0359375
0 0.56015625 0.26640625 0.0609375 0.0859375
0 0.95234375 0.89765625 0.0640625 0.0953125
1 0.58359375 0.20390625 0.0421875 0.0390625
1 0.753125 0.83203125 0.040625 0.0359375
0 0.7453125 0.89765625 0.0625 0.0953125
1 0.94140625 0.83046875 0.0390625 0.0390625