0 0.2515625 0.5953125 0.128125 0.30625
0 0.87734375 0.66640625 0.1484375 0.3390625
1 0.76640625 0.3625 0.0796875 0.071875
0 0.51953125 0.67421875 0.1671875 0.3328125
1 0.65703125 0.3546875 0.0734375 0.065625
1 0.93359375 0.36796875 0.0734375 0.0921875
1 0.3484375 0.33359375 0.071875 0.0765625
1 0.0828125 0.2953125 0.109375 0.109375
1 0.2265625 0.32421875 0.084375 0.0828125
1 0.8734375 0.3734375 0.090625 0.09375
0 0.09453125 0.58671875 0.1890625 0.3328125
0 0.3625 0.56953125 0.11875 0.2859375
0 0.66015625 0.596875 0.1515625 0.275