1 0.88125 0.24140625 0.0625 0.0890625
1 0.40625 0.18359375 0.065625 0.0953125
0 0.125 0.465625 0.15 0.24375
1 0.57265625 0.5796875 0.0734375 0.1125
1 0.17578125 0.15078125 0.0796875 0.1359375
1 0.94765625 0.06875 0.0890625 0.125
1 0.69921875 0.08515625 0.0734375 0.1015625
1 0.24765625 0.21328125 0.0828125 0.1078125
1 0.64921875 0.5921875 0.0734375 0.125
1 0.0328125 0.23125 0.065625 0.165625
1 0.32734375 0.3265625 0.0890625 0.14375
1 0.50390625 0.05390625 0.0703125 0.0953125
1 0.94609375 0.6484375 0.0796875 0.11875
1 0.60390625 0.03515625 0.0765625 0.0703125
1 0.246875 0.62421875 0.1 0.1546875
1 0.32265625 0.1125 0.0796875 0.10625
1 0.43125 0.4109375 0.084375 0.11875
1 0.42890625 0.55859375 0.0921875 0.1546875
1 0.72265625 0.43671875 0.0671875 0.0890625
1 0.74453125 0.71015625 0.0828125 0.1359375
1 0.1328125 0.25234375 0.09375 0.1484375
1 0.83671875 0.540625 0.0796875 0.11875
1 0.63203125 0.35625 0.0703125 0.11875