0 0.70625 0.603125 0.134375 0.225
1 0.69765625 0.43125 0.0734375 0.0875
1 0.36015625 0.278125 0.0578125 0.065625
0 0.21484375 0.584375 0.1453125 0.21875
1 0.8125 0.28046875 0.06875 0.0828125
1 0.51953125 0.25859375 0.0578125 0.0703125
1 0.84296875 0.428125 0.0953125 0.09375
1 0.6890625 0.23515625 0.06875 0.0765625
0 0.1453125 0.4203125 0.109375 0.240625
1 0.21015625 0.40390625 0.0796875 0.0765625
1 0.6 0.28359375 0.065625 0.0671875
1 0.45390625 0.24609375 0.0578125 0.0765625
1 0.17421875 0.2453125 0.0796875 0.0875
0 0.859375 0.61953125 0.178125 0.2453125
1 0.26484375 0.24765625 0.0734375 0.0828125
0 0.5515625 0.64453125 0.1375 0.2515625
0 0.5140625 0.4421875 0.125 0.225
0 0.60546875 0.44921875 0.0984375 0.1953125
0 0.7125 0.42578125 0.14375 0.2078125
0 0.809375 0.41328125 0.09375 0.1609375
0 0.45078125 0.42421875 0.0921875 0.2265625
0 0.35859375 0.63515625 0.1546875 0.2484375
0 0.3640625 0.42578125 0.125 0.1703125
0 0.26328125 0.41640625 0.0984375 0.1828125