1 0.1609375 0.43125 0.090625 0.0875
0 0.29375 0.61171875 0.1375 0.2296875
1 0.31015625 0.23515625 0.0671875 0.0765625
1 0.39765625 0.28046875 0.0546875 0.0609375
1 0.78828125 0.40078125 0.0734375 0.0703125
0 0.14296875 0.60859375 0.1703125 0.2359375
1 0.6390625 0.27890625 0.05 0.0546875
1 0.47734375 0.2625 0.0546875 0.065625
1 0.18515625 0.27890625 0.0578125 0.0765625
1 0.8234375 0.2421875 0.06875 0.071875
1 0.54453125 0.2421875 0.0578125 0.071875
1 0.73046875 0.24765625 0.0671875 0.0703125
1 0.6484375 0.4625 0.078125 0.09375
1 0.4484375 0.45546875 0.06875 0.0703125
1 0.30859375 0.42578125 0.0953125 0.0890625
0 0.45703125 0.61953125 0.1296875 0.2171875
0 0.64375 0.62578125 0.134375 0.1921875
0 0.85234375 0.40234375 0.1296875 0.2203125
0 0.48984375 0.42734375 0.1140625 0.2109375