0 0.39609375 0.3109375 0.0328125 0.08125
1 0.59765625 0.2265625 0.0265625 0.028125
1 0.77578125 0.22578125 0.0234375 0.0234375
1 0.25 0.215625 0.04375 0.04375
1 0.73046875 0.23359375 0.0296875 0.0359375
0 0.209375 0.43125 0.134375 0.23125
1 0.95 0.2046875 0.078125 0.078125
1 0.68515625 0.20078125 0.0703125 0.0703125
1 0.1953125 0.23671875 0.071875 0.0671875
0 0.90625 0.40546875 0.1625 0.2203125
1 0.4859375 0.125 0.0625 0.0625
0 0.71875 0.4390625 0.153125 0.28125
0 0.48359375 0.33359375 0.1359375 0.2515625