1 0.871875 0.3859375 0.05 0.071875
1 0.3421875 0.35625 0.053125 0.084375
0 0.259375 0.49921875 0.0875 0.2265625
0 0.12109375 0.46953125 0.0703125 0.2265625
1 0.5828125 0.353125 0.046875 0.065625
1 0.26953125 0.31796875 0.0609375 0.0765625
1 0.46953125 0.3484375 0.0609375 0.065625
0 0.46953125 0.53828125 0.1078125 0.2796875
1 0.6421875 0.359375 0.053125 0.078125
1 0.1296875 0.30078125 0.053125 0.0890625
0 0.640625 0.5390625 0.084375 0.24375
1 0.0265625 0.26484375 0.053125 0.0890625
0 0.934375 0.5734375 0.084375 0.24375
1 0.9375 0.39765625 0.05625 0.0953125