0 0.29296875 0.40234375 0.0703125 0.2078125
0 0.215625 0.4671875 0.1125 0.234375
0 0.71796875 0.421875 0.1078125 0.2
1 0.72421875 0.2390625 0.0578125 0.0625
0 0.6046875 0.5015625 0.096875 0.228125
1 0.20859375 0.25234375 0.0640625 0.0640625
1 0.59765625 0.303125 0.0578125 0.059375
1 0.30234375 0.21484375 0.0515625 0.0546875
1 0.81953125 0.25234375 0.0734375 0.0703125
1 0.48515625 0.25 0.0578125 0.0625
1 0.13203125 0.1984375 0.0609375 0.0625
0 0.37265625 0.4390625 0.0984375 0.221875
0 0.4953125 0.4328125 0.103125 0.20625
0 0.11953125 0.39921875 0.1046875 0.2296875
1 0.37421875 0.2421875 0.0578125 0.05625
0 0.83046875 0.45390625 0.1390625 0.2296875