1 0.3953125 0.415625 0.0375 0.046875
1 0.45625 0.4328125 0.0375 0.053125
1 0.48203125 0.4203125 0.0390625 0.046875
0 0.48203125 0.52265625 0.0484375 0.1171875
1 0.01015625 0.44921875 0.0203125 0.0359375
1 0.603125 0.32265625 0.0625 0.0734375
1 0.8015625 0.396875 0.0375 0.040625
1 0.225 0.28828125 0.075 0.0828125
1 0.96015625 0.38984375 0.0390625 0.0453125
0 0.84765625 0.49609375 0.0671875 0.1328125
0 0.71953125 0.5109375 0.0765625 0.15
1 0.84140625 0.38046875 0.0390625 0.0421875
0 0.96875 0.49609375 0.059375 0.1328125
1 0.709375 0.39140625 0.046875 0.0546875
0 0.80625 0.53125 0.071875 0.184375
0 0.40859375 0.53125 0.0671875 0.140625
0 0.45859375 0.52421875 0.0671875 0.1453125
0 0.52734375 0.52265625 0.0515625 0.1296875
0 0.01953125 0.54921875 0.0390625 0.1296875
1 0.54921875 0.4171875 0.0359375 0.05625
1 0.35859375 0.4546875 0.0328125 0.059375
1 0.3234375 0.384375 0.084375 0.121875
1 0.12109375 0.36484375 0.0671875 0.0953125
1 0.265625 0.42734375 0.034375 0.0546875
1 0.6828125 0.609375 0.078125 0.059375