1 0.70625 0.18515625 0.040625 0.0546875
1 0.6171875 0.17421875 0.028125 0.0453125
0 0.57578125 0.26796875 0.0828125 0.1203125
0 0.4265625 0.25859375 0.090625 0.1265625
1 0.525 0.1578125 0.046875 0.065625
0 0.8421875 0.68046875 0.309375 0.5078125
1 0.78359375 0.1765625 0.0546875 0.071875
1 0.32109375 0.2625 0.0609375 0.0875
1 0.8390625 0.2234375 0.065625 0.0875
1 0.06484375 0.4171875 0.1015625 0.115625
1 0.40546875 0.1765625 0.0546875 0.08125
1 0.14921875 0.340625 0.0796875 0.09375
1 0.771875 0.35703125 0.184375 0.2453125
1 0.58046875 0.17109375 0.0453125 0.0546875
1 0.73515625 0.1671875 0.0359375 0.05
1 0.73359375 0.14453125 0.0296875 0.0359375
0 0.5109375 0.80546875 0.228125 0.3734375