1 0.34140625 0.34453125 0.0484375 0.0609375
0 0.43515625 0.5890625 0.0890625 0.328125
0 0.340625 0.5703125 0.0875 0.265625
1 0.43671875 0.34453125 0.0421875 0.0609375
1 0.521875 0.37578125 0.04375 0.0609375
1 0.68203125 0.35078125 0.0453125 0.0609375
1 0.24765625 0.3359375 0.0484375 0.06875
1 0.590625 0.3265625 0.040625 0.0625
0 0.5984375 0.5734375 0.096875 0.296875
1 0.85859375 0.2890625 0.0515625 0.075
0 0.23828125 0.5515625 0.0859375 0.265625
1 0.75703125 0.3171875 0.0421875 0.05625
0 0.765625 0.5359375 0.090625 0.259375
1 0.15703125 0.24921875 0.0578125 0.0796875
0 0.86953125 0.509375 0.0859375 0.265625
0 0.146875 0.484375 0.103125 0.278125