1 0.0765625 0.23515625 0.05 0.0671875
0 0.1453125 0.3703125 0.075 0.190625
0 0.95 0.56953125 0.096875 0.2640625
1 0.7265625 0.12578125 0.0875 0.0953125
1 0.825 0.159375 0.059375 0.084375
1 0.925 0.15390625 0.05625 0.0734375
1 0.22265625 0.2109375 0.0609375 0.084375
0 0.23046875 0.384375 0.0953125 0.253125
1 0.1453125 0.23515625 0.053125 0.0796875
1 0.36796875 0.16796875 0.1234375 0.1453125
1 0.58203125 0.1140625 0.0828125 0.09375
1 0.98125 0.37265625 0.034375 0.1078125
1 0.0265625 0.2859375 0.053125 0.078125