1 0.08828125 0.4546875 0.0390625 0.028125
1 0.6421875 0.4390625 0.053125 0.03125
1 0.6984375 0.43515625 0.040625 0.0328125
1 0.39375 0.44375 0.04375 0.03125
0 0.38203125 0.5171875 0.0765625 0.096875
1 0.49296875 0.4328125 0.0640625 0.04375
0 0.6484375 0.51484375 0.065625 0.1015625
1 0.1265625 0.43671875 0.0625 0.0453125
0 0.7046875 0.50078125 0.059375 0.0765625
1 0.2765625 0.4265625 0.05625 0.040625
0 0.121875 0.53984375 0.096875 0.1328125
0 0.26875 0.5140625 0.08125 0.1125
0 0.5109375 0.525 0.09375 0.125