0 0.28203125 0.46953125 0.0546875 0.3703125
1 0.17578125 0.23203125 0.0234375 0.0859375
1 0.32109375 0.06484375 0.0546875 0.1296875
0 0.1046875 0.56796875 0.078125 0.3796875
0 0.77109375 0.76640625 0.0671875 0.4140625
1 0.140625 0.30546875 0.034375 0.0953125
1 0.6203125 0.07265625 0.053125 0.1296875
1 0.68671875 0.10234375 0.0390625 0.1203125
1 0.86875 0.33515625 0.040625 0.1546875
1 0.371875 0.12890625 0.065625 0.2078125
1 0.22421875 0.2328125 0.0328125 0.103125
1 0.75625 0.10703125 0.03125 0.1109375
1 0.80625 0.46484375 0.040625 0.1390625
1 0.2765625 0.19296875 0.0375 0.1109375
1 0.1453125 0.215625 0.025 0.06875
1 0.521875 0.0515625 0.05 0.103125