1 0.075 0.19921875 0.009375 0.0296875
1 0.63359375 0.05703125 0.0203125 0.0765625
0 0.1828125 0.42734375 0.034375 0.2703125
1 0.09765625 0.1828125 0.0109375 0.03125
0 0.0765625 0.29453125 0.015625 0.1078125
0 0.09609375 0.25234375 0.0171875 0.0734375
1 0.653125 0.11640625 0.01875 0.0609375
0 0.74453125 0.32421875 0.0578125 0.2734375
0 0.93984375 0.4484375 0.0953125 0.284375
1 0.325 0.0609375 0.04375 0.121875
0 0.10625 0.55859375 0.078125 0.3609375
1 0.17734375 0.22734375 0.0234375 0.0578125
0 0.22421875 0.45859375 0.0453125 0.2984375
1 0.140625 0.30703125 0.028125 0.0859375
1 0.68671875 0.1140625 0.0359375 0.103125
1 0.37265625 0.12734375 0.0609375 0.1796875
0 0.28125 0.46015625 0.05625 0.3484375
0 0.77265625 0.765625 0.0671875 0.40625
1 0.22421875 0.228125 0.0296875 0.078125
1 0.86875 0.3359375 0.034375 0.159375
1 0.14609375 0.21171875 0.0203125 0.0609375
1 0.27734375 0.18359375 0.0328125 0.0859375
1 0.80625 0.46171875 0.04375 0.1234375
1 0.7546875 0.10546875 0.028125 0.0921875
1 0.521875 0.04921875 0.04375 0.0984375