0 0.8953125 0.5171875 0.065625 0.178125
1 0.55234375 0.33359375 0.0546875 0.0890625
1 0.9828125 0.278125 0.03125 0.15625
1 0.9046875 0.38046875 0.04375 0.0453125
1 0.60703125 0.27109375 0.0828125 0.0859375
1 0.03359375 0.26953125 0.0671875 0.2015625
1 0.4234375 0.246875 0.096875 0.134375
0 0.69921875 0.64296875 0.1859375 0.5296875
0 0.209375 0.68046875 0.228125 0.6015625
1 0.7140625 0.178125 0.125 0.134375
0 0.04296875 0.746875 0.0828125 0.5
0 0.4125 0.6296875 0.153125 0.45
1 0.228125 0.2109375 0.11875 0.15