1 0.659375 0.42578125 0.075 0.0953125
0 0.26328125 0.76015625 0.1515625 0.3578125
0 0.6578125 0.73046875 0.1375 0.3484375
1 0.259375 0.42734375 0.084375 0.0984375
1 0.74296875 0.34765625 0.0765625 0.0921875
1 0.46484375 0.30625 0.0796875 0.103125
0 0.46015625 0.615625 0.1421875 0.346875
1 0.328125 0.29765625 0.071875 0.0796875
1 0.5515625 0.24453125 0.075 0.0921875
0 0.86953125 0.59765625 0.1359375 0.3265625
0 0.115625 0.60703125 0.153125 0.3546875
1 0.87421875 0.315625 0.0796875 0.090625
1 0.11796875 0.278125 0.0921875 0.103125
0 0.559375 0.525 0.125 0.3
0 0.759375 0.6265625 0.121875 0.309375