1 0.4484375 0.13515625 0.103125 0.1015625
1 0.59140625 0.2125 0.0859375 0.128125
1 0.30546875 0.21015625 0.1171875 0.1171875
1 0.78203125 0.26875 0.1171875 0.140625
1 0.68359375 0.184375 0.1109375 0.15
1 0.83515625 0.12421875 0.1046875 0.0953125
1 0.034375 0.03828125 0.06875 0.0765625
1 0.928125 0.2515625 0.13125 0.15625
1 0.5953125 0.05390625 0.0875 0.0796875
1 0.0984375 0.13046875 0.103125 0.1171875
1 0.371875 0.0421875 0.1 0.084375
1 0.2171875 0.084375 0.103125 0.115625
1 0.52265625 0.0828125 0.0828125 0.096875