0 0.79453125 0.49140625 0.0453125 0.0671875
1 0.48984375 0.3984375 0.0421875 0.040625
0 0.28984375 0.47109375 0.0890625 0.0890625
1 0.74453125 0.43984375 0.0328125 0.0296875
1 0.6109375 0.44375 0.05 0.053125
1 0.79140625 0.4390625 0.0359375 0.03125
1 0.43671875 0.3390625 0.0765625 0.0625
0 0.41953125 0.465625 0.0921875 0.171875
1 0.91796875 0.26171875 0.1109375 0.0796875
1 0.33203125 0.42109375 0.0453125 0.0484375
0 0.67578125 0.48125 0.1203125 0.090625
0 0.9234375 0.43984375 0.15 0.2609375
1 0.91015625 0.071875 0.1421875 0.109375
1 0.5609375 0.4671875 0.015625 0.028125