1 0.69140625 0.31640625 0.0109375 0.0265625
1 0.82578125 0.2953125 0.0140625 0.0375
0 0.52578125 0.353125 0.0234375 0.090625
1 0.52421875 0.278125 0.0171875 0.034375
1 0.18671875 0.16484375 0.0171875 0.0390625
1 0.45859375 0.2703125 0.0140625 0.034375
0 0.41171875 0.24765625 0.0234375 0.1109375
1 0.79609375 0.203125 0.0203125 0.046875
1 0.2140625 0.65703125 0.065625 0.1453125
0 0.6921875 0.36953125 0.01875 0.0765625
1 0.59140625 0.340625 0.0203125 0.05
1 0.421875 0.15703125 0.021875 0.0546875
1 0.4375 0.31484375 0.015625 0.0453125
0 0.59296875 0.4375 0.0328125 0.13125
1 0.51015625 0.64765625 0.0578125 0.1578125
1 0.5078125 0.503125 0.0375 0.1