1 0.38046875 0.07265625 0.0546875 0.1296875
0 0.05859375 0.45625 0.0984375 0.34375
0 0.77109375 0.46484375 0.0484375 0.2921875
1 0.6265625 0.125 0.065625 0.18125
0 0.22734375 0.77109375 0.0703125 0.4234375
1 0.859375 0.309375 0.03125 0.103125
1 0.7765625 0.2328125 0.034375 0.103125
1 0.1921875 0.46484375 0.046875 0.1390625
1 0.721875 0.184375 0.0375 0.1125
1 0.85390625 0.215625 0.0203125 0.06875
1 0.31328125 0.10703125 0.0390625 0.1109375
1 0.24453125 0.10234375 0.0296875 0.1015625
0 0.89453125 0.57265625 0.0796875 0.3703125
1 0.13125 0.33984375 0.034375 0.1640625
1 0.47890625 0.0515625 0.0515625 0.103125