1 0.115625 0.3984375 0.03125 0.028125
1 0.59921875 0.475 0.0390625 0.0375
1 0.67734375 0.37421875 0.0328125 0.0296875
1 0.87109375 0.371875 0.0453125 0.034375
1 0.52265625 0.38125 0.0359375 0.03125
1 0.80625 0.3703125 0.040625 0.03125
0 0.43046875 0.43515625 0.0671875 0.0765625
1 0.93671875 0.35703125 0.0578125 0.0421875
1 0.36796875 0.39765625 0.0609375 0.0453125
1 0.590625 0.3765625 0.034375 0.034375
1 0.47890625 0.43671875 0.0359375 0.0390625
0 0.2171875 0.46953125 0.084375 0.1140625
0 0.53984375 0.475 0.0765625 0.10625
1 0.7296875 0.36953125 0.040625 0.0328125
1 0.4265625 0.38046875 0.040625 0.0359375
1 0.23984375 0.38984375 0.0578125 0.0453125
1 0.5640625 0.39453125 0.046875 0.0359375
1 0.14609375 0.403125 0.0453125 0.0375
0 0.1203125 0.48671875 0.084375 0.1078125
0 0.3328125 0.47734375 0.09375 0.1109375
0 0.93046875 0.4875 0.1203125 0.159375