1 0.31875 0.29765625 0.034375 0.0234375
0 0.325 0.34140625 0.065625 0.0796875
0 0.08203125 0.31640625 0.0640625 0.0828125
1 0.009375 0.278125 0.01875 0.034375
1 0.3359375 0.278125 0.0375 0.0375
0 0.02109375 0.34140625 0.0421875 0.0796875
0 0.253125 0.31640625 0.065625 0.0796875
1 0.42734375 0.1640625 0.0828125 0.065625
1 0.075 0.253125 0.046875 0.040625
0 0.4296875 0.31484375 0.1625 0.2015625
1 0.26015625 0.253125 0.0453125 0.040625
0 0.91875 0.3296875 0.159375 0.521875
1 0.5484375 0.11015625 0.175 0.1984375
0 0.67578125 0.34921875 0.2765625 0.4640625