0 0.27421875 0.315625 0.1921875 0.103125
1 0.7875 0.01953125 0.11875 0.0296875
1 0.26875 0.23671875 0.096875 0.0296875
1 0.75703125 0.759375 0.0890625 0.028125
1 0.228125 0.76328125 0.090625 0.0265625
1 0.75703125 0.4890625 0.1046875 0.034375
1 0.26640625 0.4890625 0.1046875 0.03125
0 0.22109375 0.84375 0.1859375 0.1
0 0.26171875 0.578125 0.2328125 0.1125
0 0.75390625 0.57890625 0.1984375 0.1078125
1 0.78046875 0.22890625 0.0921875 0.0265625
0 0.77421875 0.115625 0.2171875 0.115625
0 0.759375 0.83203125 0.159375 0.0953125
0 0.771875 0.3125 0.178125 0.1