0 0.26875 0.63671875 0.05625 0.1234375
0 0.065625 0.5 0.059375 0.125
1 0.859375 0.58046875 0.04375 0.0546875
0 0.12734375 0.484375 0.0609375 0.125
0 0.33046875 0.465625 0.0578125 0.11875
0 0.1765625 0.665625 0.090625 0.171875
0 0.09375 0.68046875 0.0625 0.1515625
0 0.409375 0.47109375 0.05625 0.1171875
0 0.91875 0.4 0.0625 0.18125
1 0.640625 0.403125 0.053125 0.05
0 0.265625 0.35859375 0.06875 0.1015625
0 0.3671875 0.3796875 0.078125 0.090625
0 0.32421875 0.6390625 0.0703125 0.121875
0 0.46484375 0.61484375 0.0359375 0.1015625
0 0.5125 0.615625 0.046875 0.09375