1 0.44609375 0.41171875 0.0265625 0.0265625
1 0.4125 0.40390625 0.025 0.0265625
1 0.85703125 0.48125 0.0390625 0.03125
1 0.909375 0.47421875 0.040625 0.0359375
1 0.24296875 0.48203125 0.0359375 0.0359375
0 0.41171875 0.44453125 0.0609375 0.0671875
1 0.46640625 0.3953125 0.0359375 0.03125
0 0.471875 0.4484375 0.05625 0.071875
1 0.20390625 0.45703125 0.0421875 0.0359375
0 0.35234375 0.54453125 0.0828125 0.0984375
1 0.60703125 0.44609375 0.0390625 0.0296875
0 0.61796875 0.50859375 0.0609375 0.1015625
1 0.34453125 0.4875 0.0359375 0.034375
0 0.53671875 0.534375 0.0890625 0.1125
1 0.53984375 0.4578125 0.0484375 0.040625