0 0.86328125 0.53359375 0.0328125 0.0828125
0 0.4984375 0.52734375 0.078125 0.1171875
1 0.86015625 0.46484375 0.0265625 0.0328125
1 0.96796875 0.4515625 0.0296875 0.028125
0 0.3046875 0.525 0.071875 0.128125
0 0.97109375 0.53125 0.0515625 0.096875
1 0.41796875 0.4953125 0.0390625 0.053125
1 0.17734375 0.43984375 0.0515625 0.0578125
1 0.31328125 0.43828125 0.0421875 0.0578125
1 0.56015625 0.42734375 0.0578125 0.0703125
1 0.51171875 0.43984375 0.0390625 0.0515625
0 0.18046875 0.534375 0.0859375 0.140625
0 0.38671875 0.54765625 0.0734375 0.0953125
0 0.56953125 0.5609375 0.0921875 0.171875