0 0.4046875 0.2 0.15625 0.184375
0 0.36796875 0.796875 0.1296875 0.1375
0 0.39140625 0.5328125 0.1640625 0.159375
1 0.5890625 0.68359375 0.071875 0.0453125
1 0.55546875 0.3828125 0.0890625 0.06875
1 0.14453125 0.66171875 0.0859375 0.0546875
1 0.1921875 0.3609375 0.09375 0.0625
1 0.78359375 0.7046875 0.0734375 0.05
1 0.221875 0.66796875 0.075 0.0515625
1 0.559375 0.06484375 0.08125 0.0546875
1 0.9 0.68671875 0.071875 0.0546875
1 0.396875 0.03125 0.078125 0.053125
1 0.48203125 0.6765625 0.0765625 0.053125
1 0.71484375 0.0375 0.0765625 0.053125
1 0.88046875 0.37265625 0.0890625 0.0609375
1 0.35234375 0.37421875 0.0890625 0.0640625
1 0.371875 0.66328125 0.071875 0.0484375
1 0.18125 0.0296875 0.078125 0.053125
1 0.2765625 0.090625 0.08125 0.05625
1 0.696875 0.65234375 0.071875 0.0484375
1 0.87734375 0.0625 0.0796875 0.059375
1 0.66875 0.33046875 0.090625 0.0640625