1 0.853125 0.3765625 0.01875 0.0375
1 0.1828125 0.57734375 0.021875 0.0359375
0 0.1859375 0.76171875 0.0875 0.2140625
1 0.6765625 0.50078125 0.053125 0.0953125
0 0.69140625 0.75390625 0.0609375 0.1546875
0 0.07421875 0.8265625 0.0921875 0.175
1 0.17890625 0.61484375 0.0515625 0.0515625
1 0.81953125 0.3703125 0.0515625 0.06875
1 0.0859375 0.69921875 0.0375 0.0453125
1 0.6921875 0.75390625 0.0625 0.1609375
1 0.278125 0.6 0.040625 0.05
0 0.36015625 0.66953125 0.0890625 0.2671875
1 0.33984375 0.4859375 0.0515625 0.075