0 0.65625 0.50078125 0.115625 0.1265625
1 0.8234375 0.4359375 0.0375 0.040625
1 0.6640625 0.409375 0.078125 0.06875
0 0.071875 0.46171875 0.14375 0.1765625
1 0.515625 0.3671875 0.103125 0.08125
0 0.265625 0.5328125 0.15625 0.240625
0 0.43671875 0.4921875 0.1546875 0.20625
1 0.15625 0.34765625 0.1875 0.1609375
1 0.346875 0.41640625 0.1375 0.1421875
1 0.7359375 0.44609375 0.046875 0.0453125
1 0.8953125 0.43515625 0.0375 0.0390625
1 0.55078125 0.43125 0.0515625 0.05625
1 0.790625 0.45234375 0.05625 0.0421875
0 0.53125 0.51640625 0.109375 0.0828125