1 0.90390625 0.55078125 0.0296875 0.0546875
0 0.9609375 0.69921875 0.075 0.2234375
1 0.94453125 0.52265625 0.0484375 0.0640625
0 0.71640625 0.665625 0.0515625 0.20625
1 0.98125 0.51171875 0.034375 0.0578125
1 0.8015625 0.50234375 0.075 0.0828125
1 0.6984375 0.50546875 0.046875 0.0609375
0 0.82265625 0.79296875 0.1109375 0.3640625
1 0.46484375 0.46015625 0.0328125 0.0453125
1 0.54453125 0.546875 0.0546875 0.071875
1 0.634375 0.47734375 0.0625 0.0828125
0 0.65 0.73515625 0.09375 0.3171875
0 0.4546875 0.578125 0.059375 0.140625
0 0.546875 0.75859375 0.103125 0.2796875