1 0.6671875 0.421875 0.0375 0.03125
1 0.378125 0.41796875 0.040625 0.0265625
0 0.4796875 0.51875 0.090625 0.121875
1 0.096875 0.40859375 0.05 0.0328125
1 0.15078125 0.403125 0.0421875 0.03125
1 0.28203125 0.39453125 0.0515625 0.0328125
0 0.67890625 0.5046875 0.0453125 0.084375
0 0.88828125 0.52578125 0.2140625 0.2859375
1 0.48125 0.41640625 0.05 0.0390625
0 0.60390625 0.5234375 0.1078125 0.146875
1 0.0390625 0.38828125 0.06875 0.0484375
0 0.2875 0.5125 0.09375 0.125
0 0.05625 0.5265625 0.1125 0.14375
1 0.60390625 0.3859375 0.0640625 0.046875
1 0.85390625 0.275 0.1703125 0.115625