1 0.21953125 0.1625 0.0328125 0.040625
1 0.9703125 0.22578125 0.028125 0.0328125
0 0.85390625 0.3734375 0.0703125 0.18125
1 0.2515625 0.1265625 0.0375 0.053125
0 0.08984375 0.2875 0.0859375 0.16875
1 0.28671875 0.13359375 0.0453125 0.0515625
1 0.978125 0.27890625 0.040625 0.0484375
1 0.01328125 0.3734375 0.0265625 0.0625
0 0.76796875 0.3765625 0.0828125 0.215625
1 0.775 0.203125 0.05 0.059375
1 0.9234375 0.23125 0.0375 0.040625
1 0.61640625 0.1546875 0.0484375 0.090625
1 0.8546875 0.2328125 0.046875 0.04375
1 0.171875 0.16015625 0.05625 0.0640625
1 0.415625 0.11875 0.0625 0.065625
1 0.071875 0.1546875 0.040625 0.05625
0 0.0484375 0.57265625 0.096875 0.2546875
0 0.98671875 0.40859375 0.0234375 0.2359375
0 0.915625 0.36171875 0.06875 0.1796875
0 0.959375 0.30390625 0.028125 0.1015625
1 0.6421875 0.178125 0.071875 0.121875
1 0.21328125 0.5640625 0.0609375 0.1