0 0.69765625 0.959375 0.1421875 0.078125
0 0.40390625 0.3140625 0.0703125 0.0875
0 0.04765625 0.4390625 0.0953125 0.20625
0 0.19375 0.52109375 0.165625 0.1390625
0 0.2 0.27421875 0.09375 0.1171875
0 0.3375 0.2875 0.084375 0.125
1 0.190625 0.19296875 0.05625 0.0453125
0 0.69609375 0.45390625 0.1828125 0.2078125
1 0.03125 0.29609375 0.0625 0.0515625
0 0.37578125 0.478125 0.1421875 0.134375
1 0.40390625 0.24140625 0.0546875 0.0453125
1 0.1984375 0.4328125 0.084375 0.071875
1 0.3921875 0.38359375 0.08125 0.0765625
1 0.81875 0.365625 0.103125 0.090625
1 0.73359375 0.31875 0.0984375 0.08125
1 0.34140625 0.203125 0.0578125 0.040625