1 0.815625 0.2796875 0.065625 0.05
1 0.55546875 0.59765625 0.0546875 0.0796875
0 0.8546875 0.42578125 0.115625 0.1921875
1 0.9125 0.2859375 0.040625 0.0375
1 0.58359375 0.40625 0.0421875 0.0375
1 0.2421875 0.303125 0.071875 0.071875
1 0.521875 0.4125 0.040625 0.046875
0 0.1359375 0.50546875 0.2125 0.2890625
1 0.659375 0.253125 0.09375 0.065625
0 0.4328125 0.609375 0.184375 0.10625
0 0.44140625 0.4453125 0.0984375 0.115625
1 0.15078125 0.28359375 0.1296875 0.1046875
0 0.6828125 0.42734375 0.1375 0.2046875