1 0.41015625 0.540625 0.0453125 0.071875
1 0.05 0.52890625 0.05 0.0546875
1 0.43828125 0.51328125 0.0359375 0.0578125
1 0.3140625 0.50078125 0.04375 0.0546875
1 0.1015625 0.5203125 0.040625 0.059375
1 0.20390625 0.50234375 0.0421875 0.0578125
1 0.64921875 0.58046875 0.0859375 0.0890625
1 0.28046875 0.865625 0.2265625 0.265625
1 0.3671875 0.590625 0.05625 0.090625
1 0.821875 0.6375 0.109375 0.1625
1 0.4390625 0.59765625 0.071875 0.1046875
1 0.53203125 0.553125 0.0578125 0.090625
1 0.740625 0.50625 0.05 0.065625
0 0.646875 0.82421875 0.153125 0.2890625
0 0.45390625 0.846875 0.1359375 0.296875
1 0.2890625 0.54921875 0.053125 0.0765625