1 0.69453125 0.403125 0.0296875 0.034375
1 0.05859375 0.4078125 0.0578125 0.05625
1 0.29140625 0.4078125 0.0515625 0.05625
1 0.75703125 0.39609375 0.0296875 0.0328125
1 0.01484375 0.41640625 0.0296875 0.0890625
1 0.178125 0.41640625 0.06875 0.0828125
0 0.025 0.7078125 0.05 0.3125
0 0.046875 0.584375 0.059375 0.21875
1 0.2421875 0.40859375 0.040625 0.0515625
1 0.35 0.41328125 0.046875 0.0453125
1 0.390625 0.42265625 0.03125 0.0359375
1 0.44765625 0.40390625 0.0390625 0.0515625
1 0.896875 0.4140625 0.053125 0.05625
1 0.6125 0.39765625 0.0375 0.0484375
1 0.56015625 0.39921875 0.0359375 0.0390625