0 0.415625 0.52734375 0.140625 0.2859375
1 0.71484375 0.375 0.0890625 0.159375
1 0.184375 0.27109375 0.05 0.0515625
0 0.15234375 0.42578125 0.0859375 0.1640625
1 0.353125 0.246875 0.0375 0.053125
1 0.62265625 0.24375 0.0421875 0.04375
0 0.0671875 0.3515625 0.078125 0.1
1 0.7421875 0.22890625 0.053125 0.0609375
0 0.22578125 0.5015625 0.1265625 0.209375
0 0.715625 0.37265625 0.090625 0.1609375
1 0.1515625 0.2015625 0.046875 0.05
0 0.884375 0.378125 0.090625 0.171875
0 0.61171875 0.7390625 0.2296875 0.35625
1 0.07109375 0.26640625 0.0546875 0.0578125
1 0.73359375 0.265625 0.0546875 0.0625
1 0.24375 0.33671875 0.071875 0.0890625
1 0.88125 0.2484375 0.05625 0.065625
0 0.96015625 0.4515625 0.0765625 0.19375
1 0.796875 0.24609375 0.05625 0.0796875
1 0.1734375 0.32265625 0.0625 0.0734375
1 0.2796875 0.26796875 0.0625 0.0765625
1 0.36015625 0.47265625 0.1171875 0.1296875
1 0.97890625 0.31640625 0.0390625 0.0953125
1 0.403125 0.30625 0.078125 0.09375
1 0.6015625 0.4578125 0.128125 0.175