0 0.30625 0.76171875 0.1875 0.4234375
1 0.06796875 0.0734375 0.1015625 0.10625
1 0.18984375 0.04609375 0.1046875 0.0890625
1 0.421875 0.04375 0.084375 0.0875
1 0.5265625 0.17421875 0.096875 0.1171875
1 0.08125 0.3015625 0.159375 0.159375
1 0.709375 0.0296875 0.090625 0.059375
1 0.38046875 0.10546875 0.1140625 0.1265625
1 0.33671875 0.328125 0.1484375 0.1625
1 0.93046875 0.02421875 0.0890625 0.0453125
0 0.08671875 0.75 0.1734375 0.49375
0 0.9171875 0.3375 0.1625 0.390625
1 0.19375 0.33046875 0.1 0.1453125
0 0.56171875 0.82265625 0.2796875 0.3515625