1 0.5875 0.5375 0.04375 0.071875
1 0.55859375 0.51640625 0.0359375 0.0578125
1 0.7171875 0.86953125 0.253125 0.2578125
1 0.89609375 0.51796875 0.0390625 0.0546875
1 0.63125 0.5875 0.05625 0.096875
1 0.17578125 0.63046875 0.1078125 0.1546875
1 0.7953125 0.50234375 0.040625 0.0578125
1 0.25859375 0.50625 0.0453125 0.059375
1 0.55625 0.59921875 0.075 0.1015625
0 0.34921875 0.83359375 0.1390625 0.3046875
1 0.46640625 0.55390625 0.0578125 0.0828125
1 0.709375 0.553125 0.05 0.075
1 0.35703125 0.58203125 0.0703125 0.0859375
0 0.546875 0.85234375 0.140625 0.2921875