0 0.4234375 0.5046875 0.046875 0.134375
0 0.4875 0.49140625 0.053125 0.1765625
0 0.53125 0.52421875 0.0625 0.1765625
1 0.4234375 0.39453125 0.03125 0.0390625
1 0.23515625 0.41328125 0.0296875 0.0390625
1 0.4765625 0.34765625 0.040625 0.0578125
1 0.525 0.37578125 0.04375 0.0609375
0 0.59765625 0.53046875 0.0953125 0.2609375
1 0.11171875 0.42109375 0.0359375 0.0453125
1 0.58359375 0.31015625 0.0609375 0.0921875
0 0.10390625 0.53828125 0.0640625 0.1328125
0 0.23203125 0.534375 0.0609375 0.140625
1 0.9328125 0.22890625 0.13125 0.1984375
0 0.93125 0.6890625 0.134375 0.6125