1 0.14765625 0.34296875 0.0515625 0.0484375
1 0.4515625 0.30234375 0.040625 0.0359375
1 0.59765625 0.40234375 0.0703125 0.0828125
1 0.82734375 0.32578125 0.0328125 0.0359375
1 0.66015625 0.3234375 0.0328125 0.034375
1 0.89453125 0.40546875 0.0765625 0.0671875
1 0.75 0.4140625 0.075 0.06875
0 0.65625 0.39375 0.046875 0.084375
0 0.884375 0.571875 0.121875 0.2
0 0.96796875 0.51953125 0.0609375 0.2078125
1 0.2625 0.37578125 0.059375 0.0609375
1 0.96484375 0.35390625 0.0671875 0.0671875
1 0.103125 0.36875 0.065625 0.078125
0 0.740625 0.57578125 0.109375 0.1921875
1 0.41875 0.3875 0.065625 0.06875
0 0.1171875 0.51875 0.109375 0.19375
0 0.5921875 0.56640625 0.125 0.2140625
0 0.428125 0.5390625 0.103125 0.190625
0 0.26640625 0.54375 0.1109375 0.196875