1 0.53203125 0.73203125 0.1265625 0.1296875
0 0.23828125 0.6578125 0.1265625 0.115625
0 0.83359375 0.6984375 0.1109375 0.115625
1 0.225 0.97890625 0.09375 0.0390625
0 0.73359375 0.7578125 0.1078125 0.1375
1 0.25078125 0.49765625 0.0671875 0.0609375
0 0.53203125 0.7265625 0.1234375 0.121875
1 0.23828125 0.6578125 0.1203125 0.109375
0 0.24453125 0.56875 0.1390625 0.0875
1 0.8203125 0.6109375 0.06875 0.06875
1 0.73125 0.66171875 0.084375 0.0890625
1 0.534375 0.63359375 0.075 0.0828125
1 0.4140625 0.67578125 0.128125 0.1328125