1 0.85234375 0.671875 0.1140625 0.2
0 0.2109375 0.26875 0.0875 0.265625
1 0.36953125 0.0890625 0.0484375 0.065625
1 0.18828125 0.09609375 0.0734375 0.0921875
0 0.065625 0.16015625 0.13125 0.2640625
1 0.94375 0.05390625 0.05625 0.0515625
1 0.6875 0.075 0.084375 0.09375
1 0.34921875 0.421875 0.0984375 0.096875
1 0.95625 0.16484375 0.075 0.0796875
1 0.84375 0.03515625 0.084375 0.0671875
0 0.70859375 0.26640625 0.1390625 0.2421875
0 0.35390625 0.6421875 0.1390625 0.259375
1 0.28984375 0.1390625 0.0859375 0.11875
1 0.79609375 0.3875 0.1203125 0.159375
0 0.27421875 0.3484375 0.1078125 0.3