1 0.596875 0.40078125 0.071875 0.0828125
1 0.9640625 0.35234375 0.065625 0.0671875
1 0.74921875 0.41171875 0.0671875 0.0703125
1 0.2609375 0.37578125 0.0625 0.0640625
1 0.890625 0.40546875 0.065625 0.0671875
1 0.4171875 0.38828125 0.059375 0.0765625
0 0.884375 0.5734375 0.11875 0.196875
0 0.96640625 0.52421875 0.0640625 0.2015625
0 0.73984375 0.57578125 0.1109375 0.1921875
0 0.1203125 0.5234375 0.11875 0.1875
0 0.59296875 0.56640625 0.1265625 0.2171875
0 0.4265625 0.54375 0.10625 0.19375
0 0.26640625 0.54453125 0.1140625 0.2015625