0 0.0734375 0.3828125 0.134375 0.340625
0 0.21796875 0.3921875 0.1671875 0.384375
1 0.0109375 0.125 0.021875 0.1375
1 0.384375 0.1 0.078125 0.1375
1 0.090625 0.04375 0.06875 0.0875
1 0.853125 0.25390625 0.096875 0.1453125
1 0.31015625 0.1625 0.0828125 0.15
1 0.096875 0.15625 0.09375 0.1625
0 0.678125 0.615625 0.16875 0.453125
1 0.26796875 0.034375 0.0578125 0.06875
1 0.21015625 0.125 0.0890625 0.15
1 0.71171875 0.30703125 0.1046875 0.1640625
0 0.9421875 0.640625 0.1125 0.503125
1 0.9359375 0.28203125 0.10625 0.1390625