1 0.8921875 0.28671875 0.05 0.0515625
1 0.93515625 0.28984375 0.0546875 0.0484375
1 0.85390625 0.29140625 0.0546875 0.0546875
1 0.54609375 0.32734375 0.0640625 0.0609375
0 0.56015625 0.45859375 0.0796875 0.1671875
0 0.91484375 0.41640625 0.0921875 0.1796875
0 0.68828125 0.4390625 0.1140625 0.20625
0 0.7828125 0.43515625 0.090625 0.1828125
1 0.784375 0.2875 0.09375 0.0625
0 0.47890625 0.4703125 0.0984375 0.1875
1 0.48046875 0.3171875 0.0765625 0.0625
1 0.28671875 0.2921875 0.0515625 0.0375
1 0.66875 0.2578125 0.09375 0.06875