1 0.1109375 0.14609375 0.1 0.0984375
0 0.821875 0.58984375 0.178125 0.2734375
1 0.88515625 0.02265625 0.1109375 0.0453125
1 0.64375 0.31875 0.1 0.103125
1 0.0328125 0.3171875 0.065625 0.11875
1 0.13046875 0.22109375 0.1078125 0.1046875
1 0.253125 0.05625 0.096875 0.103125
1 0.209375 0.63671875 0.1125 0.1390625
1 0.821875 0.36796875 0.125 0.1484375
1 0.58046875 0.13125 0.1046875 0.11875
1 0.1328125 0.3859375 0.11875 0.134375
1 0.6578125 0.6078125 0.128125 0.14375
1 0.28203125 0.525 0.1234375 0.14375
1 0.2828125 0.2828125 0.096875 0.121875