1 0.328125 0.78671875 0.171875 0.2890625
1 0.9703125 0.4875 0.05625 0.278125
1 0.8453125 0.15625 0.1625 0.303125
1 0.68125 0.7375 0.171875 0.275
1 0.9609375 0.17734375 0.075 0.3078125
1 0.3171875 0.153125 0.153125 0.2875
1 0.3296875 0.478125 0.16875 0.290625
1 0.146875 0.146875 0.15625 0.28125
0 0.9609375 0.17421875 0.075 0.3078125
1 0.46875 0.2015625 0.15625 0.28125
1 0.6828125 0.49375 0.171875 0.275
1 0.85 0.4875 0.159375 0.2875
1 0.50234375 0.82421875 0.1765625 0.3203125
1 0.5 0.4921875 0.165625 0.2875
1 0.14375 0.47734375 0.140625 0.2765625
1 0.14375 0.8046875 0.175 0.28125
1 0.64609375 0.1796875 0.1578125 0.275
1 0.865625 0.8 0.1875 0.284375