1 0.14609375 0.25625 0.0203125 0.025
1 0.19921875 0.8375 0.0953125 0.115625
1 0.53046875 0.38828125 0.0328125 0.0359375
1 0.71328125 0.23046875 0.0171875 0.0265625
1 0.95625 0.3921875 0.034375 0.05
1 0.19296875 0.53046875 0.0609375 0.0859375
1 0.82265625 0.32109375 0.0359375 0.0421875
1 0.9828125 0.40234375 0.03125 0.0421875
1 0.4703125 0.3515625 0.034375 0.040625
1 0.3546875 0.58125 0.08125 0.1
1 0.28515625 0.3125 0.0296875 0.034375
1 0.78984375 0.31015625 0.0296875 0.0421875
1 0.7234375 0.4171875 0.046875 0.05625