0 0.48203125 0.340625 0.0796875 0.178125
1 0.6625 0.63984375 0.015625 0.0328125
0 0.01796875 0.8609375 0.0359375 0.190625
0 0.978125 0.71171875 0.040625 0.1453125
0 0.5078125 0.88515625 0.075 0.1796875
1 0.59765625 0.65390625 0.0234375 0.0484375
0 0.1421875 0.1015625 0.059375 0.18125
1 0.6265625 0.64453125 0.025 0.0515625
1 0.4796875 0.76328125 0.0375 0.0578125
1 0.57578125 0.77109375 0.0453125 0.0640625
1 0.475 0.20625 0.04375 0.065625
0 0.6203125 0.74609375 0.053125 0.1328125
0 0.5859375 0.921875 0.08125 0.153125
1 0.9828125 0.59140625 0.03125 0.0484375
1 0.10859375 0.5359375 0.0484375 0.059375
0 0.834375 0.68828125 0.059375 0.1640625
1 0.83046875 0.56015625 0.0328125 0.0609375