1 0.39453125 0.2625 0.0640625 0.096875
1 0.575 0.3234375 0.05 0.06875
1 0.62421875 0.29296875 0.0453125 0.0609375
1 0.3046875 0.09765625 0.090625 0.0921875
1 0.49453125 0.2375 0.0640625 0.08125
1 0.15390625 0.2296875 0.1046875 0.115625
1 0.55703125 0.24453125 0.0515625 0.0640625
1 0.6546875 0.35 0.053125 0.071875
1 0.71640625 0.3140625 0.0546875 0.065625
0 0.4890625 0.4984375 0.1125 0.29375
1 0.78359375 0.353125 0.0546875 0.059375
0 0.71796875 0.51328125 0.1109375 0.2265625
0 0.303125 0.48046875 0.184375 0.4390625
0 0.140625 0.6609375 0.221875 0.50625