1 0.41953125 0.5046875 0.0140625 0.021875
1 0.32734375 0.640625 0.0203125 0.034375
1 0.33125 0.5734375 0.015625 0.03125
1 0.6046875 0.49609375 0.028125 0.0359375
1 0.08515625 0.478125 0.0265625 0.034375
0 0.0671875 0.58046875 0.05625 0.1234375
0 0.88515625 0.575 0.0421875 0.1125
1 0.88515625 0.4875 0.0328125 0.0375
0 0.5609375 0.5890625 0.046875 0.11875
1 0.36484375 0.4578125 0.0328125 0.046875
0 0.61484375 0.5734375 0.0359375 0.1
0 0.3640625 0.5765625 0.046875 0.146875
1 0.55625 0.49140625 0.03125 0.0515625