1 0.8859375 0.59921875 0.0875 0.1828125
1 0.96484375 0.60546875 0.0671875 0.2171875
1 0.4546875 0.184375 0.071875 0.115625
1 0.52734375 0.1140625 0.0671875 0.084375
1 0.4609375 0.93828125 0.140625 0.1203125
0 0.7140625 0.9234375 0.26875 0.15
1 0.821875 0.19375 0.071875 0.109375
1 0.659375 0.2125 0.071875 0.109375
1 0.20234375 0.2140625 0.0921875 0.115625
1 0.26171875 0.46640625 0.0859375 0.1578125
1 0.3765625 0.29296875 0.084375 0.1140625
1 0.7265625 0.68984375 0.128125 0.1828125
1 0.38671875 0.7265625 0.1046875 0.21875