0 0.11953125 0.634375 0.0390625 0.05625
1 0.11328125 0.5859375 0.0265625 0.03125
1 0.0546875 0.60625 0.028125 0.028125
0 0.16015625 0.6328125 0.0578125 0.078125
1 0.08125 0.59140625 0.028125 0.0265625
0 0.32109375 0.91484375 0.1015625 0.1484375
1 0.14375 0.5859375 0.034375 0.040625
0 0.246875 0.9265625 0.0875 0.096875
1 0.4453125 0.4546875 0.103125 0.0875
0 0.23515625 0.62109375 0.0765625 0.0921875
1 0.29765625 0.5296875 0.0765625 0.078125
1 0.79609375 0.353125 0.1703125 0.121875
1 0.2 0.5640625 0.05625 0.059375
0 0.8125 0.584375 0.259375 0.259375
0 0.31796875 0.63515625 0.1078125 0.1546875
0 0.46796875 0.9078125 0.1578125 0.178125
0 0.47265625 0.628125 0.1609375 0.23125