0 0.1515625 0.70703125 0.26875 0.5734375
1 0.234375 0.17109375 0.134375 0.1484375
1 0.32265625 0.321875 0.1171875 0.121875
1 0.16640625 0.240625 0.1515625 0.175
1 0.7625 0.25625 0.109375 0.175
1 0.671875 0.28984375 0.1375 0.1640625
1 0.89375 0.22578125 0.159375 0.1796875
1 0.52109375 0.3078125 0.1859375 0.190625
0 0.5015625 0.7609375 0.259375 0.475
0 0.65625 0.72578125 0.140625 0.5453125
0 0.86328125 0.6609375 0.1390625 0.578125
0 0.296875 0.63828125 0.14375 0.3984375
1 0.6421875 0.21875 0.140625 0.165625
1 0.08828125 0.2984375 0.0796875 0.10625