0 0.7046875 0.359375 0.053125 0.1375
1 0.71171875 0.253125 0.0390625 0.065625
0 0.3546875 0.27890625 0.053125 0.1296875
0 0.56796875 0.25546875 0.0546875 0.1296875
1 0.340625 0.171875 0.046875 0.071875
0 0.46953125 0.6953125 0.0703125 0.165625
0 0.21640625 0.42578125 0.0734375 0.1609375
1 0.1296875 0.61640625 0.059375 0.0890625
1 0.615625 0.3859375 0.046875 0.071875
1 0.56953125 0.15078125 0.0359375 0.0640625
1 0.25859375 0.84765625 0.0765625 0.1140625
0 0.46875 0.3921875 0.0625 0.14375
1 0.46875 0.2890625 0.0375 0.065625
1 0.20625 0.3125 0.046875 0.065625
0 0.81328125 0.6953125 0.1109375 0.190625
1 0.4734375 0.57421875 0.05 0.0890625
1 0.82890625 0.56484375 0.0734375 0.1078125