0 0.628125 0.2875 0.075 0.259375
0 0.4609375 0.41640625 0.059375 0.2078125
0 0.52734375 0.26328125 0.0546875 0.2390625
1 0.40078125 0.31015625 0.0359375 0.0828125
1 0.6671875 0.14921875 0.03125 0.0796875
1 0.7640625 0.35625 0.04375 0.09375
1 0.55703125 0.409375 0.0390625 0.103125
1 0.47578125 0.27421875 0.0359375 0.1140625
0 0.81484375 0.50234375 0.0796875 0.2484375
0 0.3796875 0.4921875 0.071875 0.240625
1 0.54453125 0.0734375 0.0390625 0.1
1 0.5171875 0.44375 0.040625 0.125
1 0.19609375 0.58828125 0.0578125 0.1453125