1 0.21328125 0.35234375 0.0484375 0.0640625
0 0.15703125 0.390625 0.0953125 0.11875
0 0.6828125 0.24453125 0.10625 0.1953125
1 0.684375 0.096875 0.065625 0.0875
1 0.81953125 0.06484375 0.1171875 0.1296875
1 0.28515625 0.09140625 0.0890625 0.1078125
0 0.85625 0.3125 0.175 0.353125
0 0.28203125 0.28984375 0.1390625 0.2453125
1 0.4921875 0.140625 0.0375 0.053125
1 0.034375 0.190625 0.01875 0.034375
1 0.525 0.140625 0.021875 0.028125
0 0.484375 0.196875 0.06875 0.09375
0 0.0359375 0.23046875 0.040625 0.0546875