0 0.0265625 0.4765625 0.021875 0.034375
1 0.02890625 0.44765625 0.0140625 0.0171875
1 0.13359375 0.4328125 0.0171875 0.01875
1 0.06640625 0.41484375 0.0203125 0.0171875
0 0.0703125 0.46640625 0.034375 0.0609375
1 0.70390625 0.35625 0.0828125 0.065625
1 0.5640625 0.3859375 0.06875 0.065625
1 0.278125 0.39765625 0.078125 0.0765625
1 0.44296875 0.378125 0.0703125 0.059375
0 0.43984375 0.61484375 0.1359375 0.2703125
0 0.2765625 0.63828125 0.15625 0.3015625
0 0.571875 0.61796875 0.128125 0.2734375
0 0.71015625 0.60625 0.1484375 0.290625