1 0.42890625 0.4578125 0.0203125 0.021875
1 0.69453125 0.45234375 0.0265625 0.0265625
1 0.75703125 0.47265625 0.0359375 0.0390625
1 0.22109375 0.4515625 0.0328125 0.034375
1 0.82734375 0.496875 0.0390625 0.040625
1 0.5375 0.459375 0.028125 0.034375
1 0.1875 0.47421875 0.040625 0.0484375
1 0.72421875 0.45546875 0.0390625 0.0421875
1 0.7953125 0.46328125 0.03125 0.0328125
1 0.12734375 0.44296875 0.0421875 0.0453125
1 0.409375 0.47109375 0.03125 0.0421875
1 0.4890625 0.4671875 0.034375 0.05
1 0.62890625 0.48046875 0.0421875 0.0515625
1 0.56484375 0.4453125 0.0359375 0.0375