1 0.6921875 0.26953125 0.065625 0.0671875
1 0.59609375 0.18984375 0.0734375 0.0609375
1 0.40078125 0.24921875 0.0921875 0.0984375
1 0.625 0.553125 0.1 0.0875
1 0.74453125 0.23125 0.0765625 0.071875
1 0.603125 0.28515625 0.096875 0.0765625
1 0.7828125 0.17265625 0.06875 0.0671875
1 0.48984375 0.2390625 0.0859375 0.11875
1 0.70625 0.671875 0.1 0.096875
1 0.90625 0.553125 0.1 0.096875
1 0.221875 0.246875 0.096875 0.09375
1 0.85234375 0.64375 0.1078125 0.103125
1 0.953125 0.1921875 0.084375 0.078125
1 0.30625 0.55859375 0.096875 0.0984375
1 0.56015625 0.6921875 0.1234375 0.109375
1 0.83671875 0.259375 0.0921875 0.096875
1 0.38984375 0.634375 0.1078125 0.103125
1 0.21328125 0.6203125 0.1359375 0.11875