1 0.5921875 0.37109375 0.025 0.0390625
0 0.1484375 0.58671875 0.1125 0.2796875
1 0.13671875 0.10078125 0.0390625 0.1015625
0 0.8421875 0.36171875 0.0875 0.1828125
0 0.55078125 0.33828125 0.0734375 0.2234375
0 0.5953125 0.48359375 0.053125 0.1265625
1 0.3625 0.14921875 0.05625 0.1203125
1 0.3984375 0.16015625 0.034375 0.0640625
0 0.28359375 0.3375 0.1109375 0.35
0 0.459375 0.37890625 0.1125 0.2515625
1 0.21640625 0.07578125 0.0546875 0.0828125
0 0.040625 0.4484375 0.08125 0.4875
1 0.05078125 0.0359375 0.1015625 0.06875
1 0.409375 0.43046875 0.06875 0.1390625
0 0.44453125 0.62265625 0.1515625 0.2359375
1 0.54296875 0.13046875 0.0515625 0.0734375
1 0.140625 0.3125 0.09375 0.128125
0 0.92578125 0.32578125 0.0890625 0.2203125
1 0.26796875 0.03359375 0.0734375 0.0671875
1 0.65078125 0.05390625 0.0515625 0.0828125
0 0.753125 0.37265625 0.084375 0.2203125
1 0.45859375 0.14921875 0.0546875 0.0828125
1 0.84375 0.178125 0.05 0.06875
1 0.753125 0.1625 0.05 0.071875
1 0.90859375 0.13671875 0.0609375 0.0828125
0 0.6609375 0.275 0.1 0.25625