1 0.5375 0.1640625 0.028125 0.071875
1 0.70234375 0.246875 0.0328125 0.090625
0 0.25390625 0.4734375 0.0703125 0.340625
0 0.64296875 0.484375 0.0640625 0.375
1 0.39453125 0.17578125 0.0296875 0.0671875
1 0.28515625 0.16640625 0.0265625 0.0703125
1 0.26015625 0.20234375 0.0328125 0.0859375
1 0.771875 0.16171875 0.034375 0.0984375
1 0.84296875 0.103125 0.0359375 0.090625
1 0.13515625 0.15234375 0.0421875 0.0984375
0 0.33203125 0.46640625 0.0484375 0.3265625
1 0.19765625 0.18671875 0.0359375 0.0953125
1 0.68515625 0.1390625 0.0328125 0.096875
1 0.1671875 0.1390625 0.03125 0.078125
1 0.6421875 0.1875 0.034375 0.0875
1 0.6 0.12734375 0.03125 0.0640625
1 0.73671875 0.159375 0.0390625 0.103125
0 0.48359375 0.39453125 0.0609375 0.3046875
1 0.334375 0.0984375 0.03125 0.06875
1 0.44296875 0.13671875 0.0296875 0.0890625
0 0.396875 0.43203125 0.059375 0.2890625
1 0.32890625 0.2 0.0328125 0.08125
0 0.8078125 0.534375 0.084375 0.409375
1 0.9390625 0.14375 0.053125 0.1125
1 0.565625 0.16875 0.034375 0.0875
1 0.48359375 0.14296875 0.0328125 0.0859375
1 0.0625 0.159375 0.046875 0.109375
0 0.9359375 0.5375 0.125 0.48125
0 0.05625 0.50703125 0.103125 0.4078125
1 0.8703125 0.16328125 0.046875 0.1140625
0 0.703125 0.5703125 0.0875 0.38125
0 0.19609375 0.46171875 0.0765625 0.3609375
0 0.56796875 0.471875 0.0953125 0.3875
1 0.8015625 0.1890625 0.065625 0.115625