0 0.78046875 0.42578125 0.0703125 0.1609375
0 0.29375 0.36796875 0.059375 0.1421875
0 0.52734375 0.69921875 0.0734375 0.1609375
1 0.6703125 0.425 0.04375 0.065625
1 0.8703125 0.61640625 0.0625 0.0890625
1 0.5328125 0.2890625 0.04375 0.065625
0 0.18515625 0.69375 0.1109375 0.184375
1 0.7953125 0.3125 0.046875 0.065625
1 0.3859375 0.3859375 0.04375 0.071875
1 0.43203125 0.15078125 0.0359375 0.0640625
1 0.2859375 0.253125 0.04375 0.065625
1 0.16796875 0.56484375 0.0765625 0.1078125
1 0.5265625 0.58046875 0.05 0.0890625