0 0.32109375 0.64375 0.0359375 0.053125
0 0.6953125 0.97265625 0.05625 0.0515625
0 0.60625 0.69453125 0.075 0.0703125
1 0.35703125 0.6015625 0.0265625 0.034375
1 0.65703125 0.6125 0.0359375 0.040625
0 0.45234375 0.65390625 0.0640625 0.0984375
1 0.31640625 0.60546875 0.0265625 0.0265625
1 0.69375 0.596875 0.034375 0.034375
1 0.46640625 0.5890625 0.0453125 0.040625
1 0.75859375 0.5921875 0.0390625 0.0375
1 0.25546875 0.6265625 0.0359375 0.03125
0 0.83203125 0.6703125 0.0765625 0.11875
0 0.378125 0.68828125 0.075 0.0859375
1 0.79765625 0.5953125 0.0484375 0.04375
0 0.690625 0.66875 0.075 0.10625
0 0.2453125 0.6828125 0.065625 0.084375
0 0.7671875 0.65546875 0.059375 0.0796875