0 0.44609375 0.53671875 0.0453125 0.0953125
0 0.76796875 0.5015625 0.0890625 0.15625
1 0.83125 0.41875 0.053125 0.05625
1 0.53828125 0.465625 0.0265625 0.028125
1 0.225 0.44765625 0.028125 0.0296875
1 0.1703125 0.4625 0.025 0.03125
1 0.45390625 0.4578125 0.0390625 0.0375
1 0.19453125 0.4578125 0.0265625 0.03125
0 0.671875 0.47734375 0.071875 0.1484375
1 0.790625 0.38359375 0.065625 0.0609375
1 0.9203125 0.43046875 0.05625 0.0484375
1 0.50234375 0.42734375 0.0546875 0.0515625
1 0.6828125 0.36015625 0.05 0.0515625