0 0.465625 0.60078125 0.0625 0.3390625
1 0.44609375 0.33359375 0.0546875 0.0890625
0 0.1046875 0.5171875 0.065625 0.171875
1 0.09375 0.3796875 0.046875 0.05
1 0.39140625 0.27265625 0.0828125 0.0890625
1 0.015625 0.27578125 0.03125 0.1421875
1 0.965625 0.2640625 0.065625 0.20625
0 0.9546875 0.74921875 0.0875 0.4984375
1 0.575 0.246875 0.096875 0.134375
0 0.5859375 0.62734375 0.153125 0.4546875
0 0.29296875 0.6453125 0.2015625 0.515625
1 0.28671875 0.1796875 0.1234375 0.1375
0 0.78671875 0.678125 0.2296875 0.6125
1 0.771875 0.2109375 0.11875 0.15