1 0.5890625 0.403125 0.03125 0.028125
0 0.5859375 0.44140625 0.059375 0.0671875
1 0.090625 0.47265625 0.034375 0.0328125
0 0.6515625 0.54765625 0.075 0.0859375
0 0.5265625 0.4484375 0.05625 0.071875
1 0.79765625 0.45703125 0.0390625 0.0359375
0 0.13984375 0.52890625 0.0515625 0.0609375
1 0.75859375 0.48203125 0.0328125 0.0359375
1 0.14375 0.484375 0.0375 0.03125
0 0.38125 0.50625 0.059375 0.090625
1 0.5328125 0.39609375 0.0375 0.0328125
1 0.39453125 0.4484375 0.0359375 0.028125
1 0.46015625 0.45703125 0.0453125 0.0359375
1 0.65546875 0.48828125 0.0390625 0.0359375
0 0.4609375 0.53203125 0.0875 0.1078125