1 0.81171875 0.16484375 0.0171875 0.0453125
1 0.296875 0.2875 0.0125 0.03125
0 0.30703125 0.37109375 0.0203125 0.0734375
0 0.34609375 0.3375 0.0203125 0.0625
1 0.38203125 0.3046875 0.0171875 0.05
0 0.43515625 0.34453125 0.0203125 0.0734375
1 0.54296875 0.27265625 0.0140625 0.0296875
1 0.2046875 0.203125 0.01875 0.046875
0 0.47421875 0.353125 0.0234375 0.090625
1 0.4390625 0.2875 0.0125 0.03125
1 0.3390625 0.2796875 0.015625 0.0375
1 0.47578125 0.27578125 0.0140625 0.0296875
1 0.57890625 0.15859375 0.0203125 0.0421875
1 0.17265625 0.2953125 0.0140625 0.0375
1 0.4078125 0.3375 0.01875 0.0375
1 0.5625 0.31484375 0.015625 0.0453125
0 0.40859375 0.43203125 0.0296875 0.1265625
1 0.4890625 0.64921875 0.059375 0.1609375
1 0.49140625 0.5078125 0.0390625 0.1