1 0.81796875 0.54140625 0.0265625 0.0515625
1 0.2296875 0.49296875 0.025 0.0265625
1 0.13359375 0.71953125 0.0296875 0.0296875
1 0.98515625 0.5046875 0.0265625 0.046875
0 0.15546875 0.83515625 0.0484375 0.1109375
0 0.8609375 0.75703125 0.053125 0.1203125
0 0.9125 0.471875 0.05 0.096875
1 0.88046875 0.30859375 0.0265625 0.0421875
1 0.14296875 0.75 0.0328125 0.04375
1 0.00859375 0.4796875 0.0171875 0.0375
1 0.5625 0.4421875 0.0375 0.04375
1 0.921875 0.3921875 0.028125 0.03125
1 0.8421875 0.66796875 0.04375 0.0515625
0 0.57109375 0.55546875 0.0578125 0.1609375
1 0.9828125 0.30625 0.028125 0.0375
1 0.8046875 0.7890625 0.040625 0.05625
1 0.90546875 0.32109375 0.0359375 0.0484375