0 0.98203125 0.60703125 0.0328125 0.1765625
0 0.42109375 0.64375 0.0765625 0.296875
0 0.67109375 0.6421875 0.1109375 0.30625
1 0.1890625 0.42890625 0.04375 0.0609375
1 0.6890625 0.42421875 0.078125 0.0859375
0 0.525 0.678125 0.159375 0.390625
1 0.4515625 0.375 0.084375 0.084375
1 0.5734375 0.36484375 0.115625 0.1171875
1 0.8203125 0.35390625 0.103125 0.1140625
0 0.80625 0.6625 0.196875 0.38125
0 0.0890625 0.54609375 0.084375 0.1671875
1 0.29296875 0.4046875 0.1515625 0.16875
0 0.271875 0.79609375 0.2125 0.4046875