0 0.634375 0.69375 0.04375 0.078125
0 0.86171875 0.721875 0.0296875 0.04375
0 0.975 0.72109375 0.034375 0.0515625
0 0.7109375 0.51171875 0.06875 0.0984375
0 0.4609375 0.5484375 0.071875 0.134375
1 0.9625 0.675 0.028125 0.034375
1 0.60625 0.70625 0.021875 0.04375
1 0.69375 0.6875 0.025 0.034375
1 0.871875 0.665625 0.034375 0.034375
0 0.046875 0.359375 0.065625 0.140625
1 0.68359375 0.44375 0.0390625 0.046875
1 0.44609375 0.45625 0.0390625 0.046875
1 0.37734375 0.6375 0.0359375 0.034375
1 0.06875 0.2671875 0.040625 0.053125
0 0.3953125 0.72109375 0.05625 0.1109375