1 0.38125 0.17109375 0.025 0.0390625
1 0.25703125 0.16875 0.0359375 0.04375
1 0.2953125 0.18125 0.0375 0.046875
1 0.4125 0.21015625 0.021875 0.0234375
1 0.475 0.153125 0.03125 0.04375
1 0.41328125 0.16640625 0.0421875 0.0515625
1 0.675 0.26015625 0.046875 0.0578125
1 0.1625 0.21796875 0.05 0.0609375
1 0.59296875 0.17734375 0.0453125 0.0671875
1 0.93359375 0.4171875 0.0921875 0.096875
1 0.215625 0.171875 0.053125 0.053125
1 0.8484375 0.33828125 0.06875 0.0796875
1 0.225 0.35390625 0.159375 0.2296875
0 0.953125 0.5890625 0.090625 0.15
0 0.8421875 0.4625 0.09375 0.13125
0 0.503125 0.8546875 0.221875 0.2875
0 0.165625 0.65 0.2625 0.4875
0 0.56875 0.26015625 0.078125 0.1359375
0 0.43203125 0.27265625 0.1078125 0.1234375