0 0.2890625 0.53203125 0.05 0.0984375
1 0.15234375 0.46953125 0.0109375 0.0140625
1 0.5 0.446875 0.03125 0.040625
0 0.43515625 0.58359375 0.0921875 0.3265625
0 0.0640625 0.56484375 0.078125 0.1171875
1 0.50546875 0.4078125 0.0234375 0.03125
1 0.3328125 0.4359375 0.025 0.034375
1 0.534375 0.38671875 0.03125 0.0421875
1 0.05703125 0.44140625 0.0671875 0.0546875
1 0.40859375 0.30703125 0.0953125 0.0984375
0 0.70859375 0.634375 0.1734375 0.434375
1 0.6640625 0.2984375 0.10625 0.13125
0 0.15078125 0.509375 0.0234375 0.053125
0 0.3296875 0.5015625 0.040625 0.0625
0 0.9125 0.73515625 0.171875 0.5234375
0 0.54609375 0.48359375 0.0734375 0.1203125
0 0.53046875 0.528125 0.0703125 0.115625
0 0.37265625 0.48359375 0.0359375 0.0734375