0 0.56484375 0.446875 0.0359375 0.0375
1 0.9171875 0.37734375 0.015625 0.0203125
1 0.503125 0.415625 0.025 0.01875
1 0.865625 0.3875 0.0125 0.0125
0 0.503125 0.44375 0.034375 0.04375
1 0.565625 0.421875 0.025 0.01875
0 0.36875 0.43984375 0.05625 0.0546875
0 0.36875 0.50859375 0.11875 0.1015625
0 0.4625 0.44921875 0.04375 0.0609375
1 0.715625 0.34921875 0.05 0.0390625
0 0.71171875 0.421875 0.0765625 0.1
1 0.13359375 0.3375 0.1015625 0.06875
0 0.85625 0.46171875 0.0625 0.0796875
0 0.125 0.4890625 0.175 0.2125