1 0.52421875 0.39765625 0.0203125 0.0234375
1 0.76328125 0.4421875 0.0328125 0.04375
1 0.26328125 0.41796875 0.0578125 0.0546875
1 0.29609375 0.378125 0.0421875 0.053125
1 0.73828125 0.409375 0.0328125 0.03125
1 0.91484375 0.5171875 0.0765625 0.071875
1 0.40859375 0.36953125 0.0296875 0.0359375
1 0.1046875 0.3734375 0.065625 0.053125
1 0.4734375 0.38125 0.025 0.034375
1 0.30234375 0.44453125 0.0828125 0.0671875
1 0.08125 0.46328125 0.075 0.0921875
1 0.59765625 0.46328125 0.0953125 0.0984375
1 0.45703125 0.45078125 0.0359375 0.0359375
1 0.8296875 0.52734375 0.08125 0.0921875
1 0.83046875 0.4390625 0.0390625 0.05625