1 0.14609375 0.28359375 0.0796875 0.0703125
1 0.6234375 0.290625 0.075 0.059375
1 0.26171875 0.25 0.0796875 0.065625
1 0.84140625 0.30390625 0.0765625 0.0578125
1 0.86640625 0.4328125 0.0796875 0.05
1 0.5859375 0.43125 0.096875 0.0625
1 0.10625 0.47734375 0.10625 0.0671875
1 0.1078125 0.359375 0.09375 0.071875
1 0.075 0.28203125 0.090625 0.0578125
1 0.53671875 0.275 0.0796875 0.071875
1 0.41328125 0.26796875 0.0796875 0.0578125
1 0.4015625 0.3328125 0.09375 0.0625
1 0.2390625 0.3234375 0.096875 0.071875