0 0.77734375 0.58671875 0.0671875 0.2484375
0 0.165625 0.55234375 0.075 0.2609375
1 0.63828125 0.39375 0.0359375 0.05625
0 0.640625 0.60078125 0.059375 0.2390625
1 0.4359375 0.4265625 0.034375 0.059375
0 0.3765625 0.58828125 0.065625 0.2484375
1 0.56875 0.39375 0.0375 0.05625
1 0.375 0.38515625 0.0375 0.0578125
1 0.3171875 0.3921875 0.0375 0.059375
1 0.49609375 0.4125 0.0359375 0.059375
1 0.70234375 0.3859375 0.0359375 0.053125
1 0.84140625 0.36875 0.0421875 0.065625
1 0.25390625 0.35 0.0421875 0.0625
1 0.1828125 0.346875 0.046875 0.06875
0 0.84921875 0.59453125 0.0734375 0.2921875
1 0.77109375 0.38203125 0.0390625 0.0703125
0 0.2453125 0.571875 0.06875 0.2875
0 0.31328125 0.590625 0.0546875 0.25625
0 0.70703125 0.578125 0.0671875 0.228125
0 0.56484375 0.5875 0.0609375 0.24375
0 0.50234375 0.64453125 0.0671875 0.2671875
0 0.4421875 0.640625 0.053125 0.25