1 0.58984375 0.1375 0.0171875 0.025
1 0.63984375 0.1484375 0.0203125 0.025
0 0.51328125 0.209375 0.0421875 0.09375
1 0.60546875 0.14453125 0.0203125 0.0234375
0 0.63671875 0.20390625 0.0328125 0.0640625
1 0.715625 0.1390625 0.01875 0.025
1 0.07734375 0.1296875 0.0328125 0.03125
0 0.67734375 0.2 0.0328125 0.075
1 0.01015625 0.1453125 0.0203125 0.028125
0 0.4734375 0.203125 0.0375 0.078125
0 0.0828125 0.22421875 0.059375 0.1046875
1 0.25390625 0.14921875 0.0265625 0.0296875
1 0.61640625 0.28203125 0.0671875 0.0984375
1 0.45703125 0.29921875 0.0671875 0.1046875
0 0.69296875 0.35859375 0.0984375 0.1953125
0 0.02421875 0.240625 0.0484375 0.10625
0 0.93125 0.33515625 0.134375 0.2515625
1 0.93515625 0.13125 0.0953125 0.103125
1 0.8109375 0.76875 0.09375 0.109375
1 0.25546875 0.5984375 0.0765625 0.109375
1 0.5265625 0.8796875 0.096875 0.10625
1 0.28359375 0.70625 0.0984375 0.0875
1 0.63671875 0.80859375 0.0828125 0.0984375
1 0.68203125 0.6953125 0.0515625 0.109375
1 0.7609375 0.5171875 0.04375 0.0875
1 0.3703125 0.47265625 0.09375 0.1171875
1 0.48125 0.6578125 0.071875 0.078125
1 0.6109375 0.5796875 0.065625 0.078125
1 0.15859375 0.1390625 0.0453125 0.040625