1 0.74375 0.22109375 0.09375 0.0703125
1 0.66328125 0.19453125 0.1015625 0.0703125
0 0.15546875 0.85859375 0.3109375 0.2796875
1 0.3921875 0.25234375 0.128125 0.1078125
1 0.290625 0.55234375 0.175 0.1109375
1 0.7859375 0.27734375 0.096875 0.0765625
1 0.69296875 0.55703125 0.1421875 0.1015625
1 0.85546875 0.2328125 0.1109375 0.075
1 0.665625 0.2859375 0.134375 0.075
1 0.80390625 0.67890625 0.1328125 0.1078125
1 0.9078125 0.17890625 0.103125 0.0671875
1 0.38828125 0.6390625 0.1546875 0.10625
1 0.959375 0.64140625 0.078125 0.1109375
1 0.61015625 0.696875 0.1734375 0.115625
1 0.146875 0.62421875 0.178125 0.1203125
1 0.51796875 0.24375 0.1203125 0.125
1 0.959375 0.26328125 0.078125 0.1015625
1 0.15 0.24296875 0.096875 0.0765625
1 0.09609375 0.284375 0.0640625 0.046875
1 0.2296875 0.28203125 0.08125 0.0953125
1 0.28984375 0.26796875 0.0828125 0.0921875