0 0.29453125 0.4828125 0.0421875 0.090625
0 0.6953125 0.371875 0.115625 0.21875
0 0.1 0.49296875 0.0375 0.0703125
0 0.02734375 0.484375 0.0359375 0.071875
1 0.10390625 0.428125 0.0203125 0.021875
0 0.3484375 0.43671875 0.065625 0.1421875
1 0.3515625 0.31328125 0.0375 0.0328125
1 0.71171875 0.1765625 0.0703125 0.065625
0 0.58125 0.36328125 0.090625 0.2671875
1 0.503125 0.05078125 0.08125 0.0796875
0 0.484375 0.31953125 0.121875 0.2890625
1 0.571875 0.11328125 0.078125 0.0703125
0 0.21484375 0.41953125 0.0734375 0.1453125
1 0.22265625 0.28671875 0.0421875 0.0421875