1 0.903125 0.42421875 0.053125 0.0515625
0 0.8359375 0.54609375 0.04375 0.1265625
1 0.81015625 0.43046875 0.0453125 0.0578125
0 0.73125 0.7609375 0.2 0.459375
1 0.309375 0.42421875 0.075 0.0859375
0 0.32890625 0.6421875 0.1078125 0.3
1 0.54296875 0.375 0.0859375 0.084375
0 0.1921875 0.6625 0.19375 0.371875
0 0.9109375 0.546875 0.084375 0.1625
1 0.1765625 0.35234375 0.096875 0.1109375
0 0.46875 0.68671875 0.165625 0.4140625
1 0.42421875 0.365625 0.1140625 0.121875
1 0.70625 0.40625 0.146875 0.159375