0 0.7421875 0.3078125 0.065625 0.146875
0 0.68671875 0.44453125 0.1015625 0.1921875
0 0.40390625 0.64453125 0.0796875 0.1859375
0 0.5953125 0.67109375 0.09375 0.2078125
1 0.5953125 0.51875 0.071875 0.0875
0 0.309375 0.32421875 0.0875 0.1578125
0 0.86015625 0.31875 0.0984375 0.16875
1 0.7703125 0.20390625 0.05 0.0828125
1 0.3140625 0.1984375 0.046875 0.059375
1 0.87578125 0.2078125 0.0515625 0.065625
1 0.69921875 0.32421875 0.0484375 0.0703125
1 0.37734375 0.5046875 0.0515625 0.071875
1 0.42734375 0.46640625 0.0546875 0.0828125
1 0.2703125 0.43359375 0.0625 0.0703125
0 0.2484375 0.55625 0.084375 0.175