1 0.65703125 0.196875 0.0921875 0.059375
1 0.74296875 0.22109375 0.0953125 0.0765625
1 0.39140625 0.253125 0.1359375 0.1
1 0.16484375 0.2453125 0.1234375 0.084375
1 0.29140625 0.553125 0.1671875 0.1
1 0.26328125 0.2859375 0.1515625 0.1
0 0.1515625 0.8609375 0.303125 0.275
1 0.69296875 0.55390625 0.1234375 0.0921875
1 0.78515625 0.27734375 0.0921875 0.0671875
1 0.90703125 0.17734375 0.0953125 0.0609375
1 0.853125 0.23359375 0.109375 0.0765625
1 0.809375 0.67890625 0.13125 0.0953125
1 0.66796875 0.28828125 0.1359375 0.0796875
1 0.38515625 0.63828125 0.1484375 0.1078125
1 0.61015625 0.696875 0.1640625 0.109375
1 0.51953125 0.24296875 0.1203125 0.1203125
1 0.14296875 0.62109375 0.1765625 0.1171875
1 0.9609375 0.64140625 0.075 0.1078125
1 0.959375 0.26171875 0.078125 0.0921875