0 0.38125 0.9125 0.15625 0.16875
1 0.715625 0.4125 0.0625 0.05625
1 0.5921875 0.56640625 0.15625 0.1265625
1 0.5578125 0.44765625 0.065625 0.0578125
1 0.45234375 0.44609375 0.0703125 0.0484375
1 0.415625 0.48203125 0.071875 0.0484375
0 0.8359375 0.9125 0.125 0.16875
0 0.40703125 0.634375 0.1421875 0.190625
0 0.26875 0.640625 0.14375 0.221875
1 0.82109375 0.45703125 0.0953125 0.0734375
0 0.83359375 0.6296875 0.1484375 0.215625
1 0.74296875 0.51484375 0.1140625 0.0890625
1 0.2421875 0.4640625 0.115625 0.09375
1 0.61328125 0.47734375 0.1078125 0.0796875
1 0.64609375 0.89375 0.2703125 0.209375
1 0.13671875 0.521875 0.2015625 0.140625
1 0.9640625 0.51953125 0.06875 0.1203125
1 0.65078125 0.67734375 0.2734375 0.2265625
0 0.1515625 0.7875 0.2875 0.2875
0 0.96015625 0.7328125 0.0765625 0.184375