0 0.92109375 0.5015625 0.1140625 0.11875
0 0.53515625 0.58828125 0.1390625 0.1703125
1 0.4609375 0.384375 0.04375 0.04375
1 0.91875 0.43125 0.05 0.04375
0 0.43046875 0.428125 0.0578125 0.0875
0 0.57265625 0.44375 0.0703125 0.09375
0 0.50546875 0.4484375 0.0734375 0.09375
0 0.68125 0.6125 0.103125 0.165625
1 0.5078125 0.3875 0.040625 0.028125
1 0.72265625 0.3515625 0.0546875 0.04375
0 0.725 0.446875 0.10625 0.1375
1 0.6328125 0.3640625 0.05 0.04375
1 0.8609375 0.390625 0.05 0.046875
1 0.56328125 0.375 0.0515625 0.040625