1 0.76875 0.34296875 0.034375 0.0640625
0 0.85859375 0.21015625 0.0546875 0.1203125
1 0.4484375 0.10625 0.03125 0.040625
0 0.440625 0.5234375 0.071875 0.15625
1 0.8671875 0.109375 0.0375 0.059375
1 0.2171875 0.46171875 0.053125 0.0578125
1 0.8046875 0.08046875 0.0375 0.0578125
0 0.24296875 0.6234375 0.0765625 0.196875
1 0.6953125 0.296875 0.04375 0.0625
1 0.24296875 0.378125 0.0546875 0.0625
1 0.63984375 0.3546875 0.0453125 0.075
1 0.96875 0.3 0.034375 0.06875
1 0.09453125 0.55390625 0.0515625 0.0921875
1 0.4765625 0.3953125 0.040625 0.075