0 0.67109375 0.73984375 0.1703125 0.2921875
1 0.25625 0.23046875 0.05 0.0578125
0 0.85234375 0.4375 0.0765625 0.1875
1 0.6453125 0.24609375 0.034375 0.0546875
1 0.846875 0.20234375 0.0375 0.0421875
1 0.94921875 0.24296875 0.0328125 0.0421875
0 0.7734375 0.54296875 0.140625 0.2921875
1 0.821875 0.31640625 0.059375 0.0765625
0 0.38515625 0.73515625 0.2296875 0.3453125
1 0.71875 0.26484375 0.059375 0.0796875
1 0.11796875 0.24765625 0.0546875 0.0671875
1 0.2640625 0.26328125 0.05 0.0609375
1 0.75390625 0.3359375 0.0640625 0.084375
1 0.6375 0.47265625 0.1125 0.1265625
0 0.0390625 0.45546875 0.078125 0.1890625
1 0.9265625 0.26328125 0.046875 0.0515625
1 0.0203125 0.3109375 0.040625 0.084375
1 0.1984375 0.24609375 0.053125 0.0796875
1 0.5953125 0.30625 0.06875 0.090625
1 0.3953125 0.4578125 0.115625 0.171875