1 0.39921875 0.40078125 0.0703125 0.0828125
1 0.03359375 0.3546875 0.0640625 0.0625
1 0.2484375 0.41328125 0.0625 0.0671875
1 0.7359375 0.37421875 0.065625 0.0671875
0 0.0328125 0.5171875 0.065625 0.184375
1 0.58046875 0.38828125 0.0609375 0.0765625
1 0.10625 0.40703125 0.0625 0.0609375
0 0.11484375 0.57421875 0.1171875 0.1921875
0 0.40703125 0.5703125 0.1265625 0.215625
0 0.25625 0.575 0.109375 0.19375
0 0.8765625 0.521875 0.11875 0.1875
0 0.571875 0.540625 0.11875 0.1875
0 0.73203125 0.54609375 0.1171875 0.1984375