0 0.84609375 0.69921875 0.1078125 0.3078125
0 0.4359375 0.37109375 0.128125 0.1359375
1 0.7953125 0.0171875 0.075 0.034375
1 0.4890625 0.0328125 0.071875 0.0625
0 0.696875 0.76328125 0.134375 0.3484375
1 0.18203125 0.50703125 0.0796875 0.1203125
1 0.78203125 0.36796875 0.0921875 0.1109375
1 0.94765625 0.3828125 0.0953125 0.125
1 0.440625 0.21171875 0.090625 0.1015625
1 0.66953125 0.515625 0.0859375 0.134375
1 0.8375 0.45703125 0.09375 0.1265625
1 0.5671875 0.2984375 0.0875 0.10625
1 0.20859375 0.278125 0.0890625 0.125