0 0.51953125 0.3609375 0.0984375 0.325
1 0.515625 0.13125 0.059375 0.0625
1 0.5796875 0.146875 0.084375 0.084375
1 0.24375 0.0859375 0.040625 0.053125
1 0.47265625 0.078125 0.0546875 0.0625
1 0.67421875 0.12890625 0.0953125 0.0953125
1 0.76640625 0.12421875 0.0859375 0.0796875
0 0.365625 0.23828125 0.071875 0.1578125
1 0.18515625 0.07890625 0.0859375 0.0796875
1 0.371875 0.12109375 0.05 0.0515625
0 0.1953125 0.24765625 0.14375 0.2109375
0 0.80546875 0.32578125 0.1578125 0.2671875
0 0.6640625 0.3828125 0.196875 0.33125