1 0.5921875 0.18671875 0.065625 0.1015625
1 0.3828125 0.18359375 0.065625 0.1078125
1 0.17890625 0.04140625 0.0859375 0.0828125
1 0.1171875 0.24609375 0.05625 0.0765625
1 0.52265625 0.18359375 0.0671875 0.0953125
1 0.04921875 0.06875 0.0796875 0.125
1 0.42421875 0.5765625 0.0765625 0.11875
1 0.19765625 0.921875 0.0828125 0.13125
1 0.28671875 0.25 0.0734375 0.11875
1 0.82109375 0.15078125 0.0765625 0.1265625
1 0.74921875 0.21328125 0.0796875 0.1078125
1 0.3921875 0.0328125 0.075 0.065625
1 0.29765625 0.08515625 0.0765625 0.1015625
1 0.49453125 0.05078125 0.0765625 0.1015625
1 0.753125 0.63046875 0.1 0.1671875
1 0.04921875 0.6453125 0.0859375 0.125
1 0.56640625 0.40390625 0.0796875 0.1203125
1 0.34921875 0.59140625 0.0734375 0.1359375
1 0.56953125 0.55859375 0.0921875 0.1546875
1 0.67109375 0.3296875 0.0828125 0.125
1 0.965625 0.22578125 0.065625 0.1546875
1 0.67734375 0.1125 0.0765625 0.10625
1 0.37109375 0.359375 0.0703125 0.125
1 0.25234375 0.7109375 0.0796875 0.125
1 0.8625 0.24921875 0.0875 0.1421875
1 0.27421875 0.43671875 0.0703125 0.0890625
1 0.16171875 0.540625 0.0765625 0.11875