0 0.02421875 0.7234375 0.0359375 0.05
0 0.53828125 0.546875 0.0734375 0.128125
0 0.28671875 0.5109375 0.0671875 0.1
1 0.30625 0.68671875 0.025 0.0359375
1 0.03671875 0.67578125 0.0328125 0.0359375
1 0.12890625 0.665625 0.0359375 0.034375
1 0.39296875 0.70625 0.0234375 0.046875
1 0.62265625 0.63671875 0.0359375 0.0359375
1 0.3171875 0.44453125 0.040625 0.0515625
0 0.95078125 0.35859375 0.0703125 0.1328125
0 0.60625 0.71875 0.053125 0.109375
1 0.9296875 0.26484375 0.0375 0.0515625
1 0.5546875 0.45625 0.040625 0.046875
0 0.36484375 0.7203125 0.0703125 0.13125