1 0.36328125 0.63515625 0.0671875 0.0765625
1 0.0171875 0.6046875 0.034375 0.06875
1 0.2234375 0.596875 0.05625 0.075
0 0.14609375 0.7234375 0.0734375 0.184375
0 0.103125 0.73125 0.078125 0.178125
1 0.184375 0.58828125 0.046875 0.0578125
1 0.11171875 0.58203125 0.0640625 0.0765625
1 0.4984375 0.6109375 0.065625 0.078125
0 0.72734375 0.76484375 0.1046875 0.2015625
1 0.0515625 0.571875 0.1 0.109375
1 0.57421875 0.6015625 0.0828125 0.096875
0 0.48828125 0.75390625 0.0796875 0.2015625
1 0.8375 0.6328125 0.071875 0.071875
0 0.6421875 0.76171875 0.096875 0.2078125
0 0.3875 0.75859375 0.14375 0.1890625
0 0.259375 0.76484375 0.13125 0.1609375
0 0.04609375 0.78046875 0.0921875 0.2515625
1 0.27734375 0.61484375 0.1078125 0.0984375
1 0.73515625 0.61796875 0.0765625 0.0859375
1 0.64921875 0.57421875 0.0921875 0.0984375
0 0.84609375 0.77109375 0.1140625 0.1890625
1 0.41953125 0.58203125 0.1046875 0.1046875
0 0.553125 0.75546875 0.10625 0.2109375