1 0.30234375 0.60703125 0.0453125 0.0640625
0 0.89921875 0.72734375 0.0703125 0.1765625
1 0.634375 0.634375 0.065625 0.075
1 0.52890625 0.603125 0.0390625 0.0625
1 0.85625 0.5875 0.04375 0.05625
1 0.8109375 0.584375 0.04375 0.05625
1 0.775 0.5953125 0.059375 0.065625
0 0.9546875 0.790625 0.0875 0.26875
0 0.153125 0.7609375 0.10625 0.16875
1 0.9421875 0.56640625 0.090625 0.0828125
1 0.49921875 0.60859375 0.0703125 0.0765625
0 0.74375 0.76328125 0.128125 0.1578125
1 0.8859375 0.578125 0.053125 0.0625
1 0.16015625 0.6359375 0.0703125 0.071875
1 0.421875 0.60078125 0.08125 0.0890625
0 0.275 0.76484375 0.10625 0.1984375
1 0.72109375 0.61484375 0.1046875 0.0953125
1 0.346875 0.57421875 0.096875 0.0921875
1 0.259375 0.61796875 0.075 0.0859375
0 0.359375 0.7578125 0.10625 0.215625
0 0.60390625 0.75546875 0.1140625 0.1953125
0 0.5171875 0.75546875 0.078125 0.2046875
1 0.578125 0.58046875 0.096875 0.1015625
0 0.4515625 0.75859375 0.103125 0.2109375