1 0.10390625 0.03671875 0.0515625 0.0609375
1 0.546875 0.184375 0.065625 0.115625
1 0.03125 0.6171875 0.0625 0.23125
1 0.53984375 0.93828125 0.1515625 0.1203125
1 0.340625 0.2125 0.065625 0.096875
1 0.1765625 0.19375 0.071875 0.109375
1 0.4671875 0.1140625 0.0625 0.084375
0 0.2828125 0.9265625 0.253125 0.14375
1 0.73671875 0.46953125 0.0859375 0.1515625
1 0.6203125 0.29296875 0.08125 0.1140625
1 0.79453125 0.2140625 0.0890625 0.115625
1 0.27265625 0.68671875 0.1203125 0.1765625
1 0.61171875 0.7265625 0.1015625 0.20625