1 0.425 0.34921875 0.01875 0.0265625
1 0.8625 0.7203125 0.0125 0.015625
1 0.884375 0.71796875 0.015625 0.0203125
0 0.60625 0.8125 0.034375 0.0625
1 0.753125 0.625 0.01875 0.025
1 0.81875 0.690625 0.01875 0.021875
1 0.403125 0.35 0.015625 0.01875
1 0.778125 0.634375 0.015625 0.025
1 0.5484375 0.2484375 0.015625 0.021875
1 0.61875 0.23671875 0.01875 0.0171875
0 0.55234375 0.28671875 0.0234375 0.0578125
1 0.59296875 0.75859375 0.0171875 0.0203125
1 0.5890625 0.24375 0.015625 0.021875
1 0.43125 0.31875 0.01875 0.021875
1 0.6125 0.7625 0.021875 0.025
0 0.415625 0.4 0.03125 0.075
0 0.61484375 0.28125 0.0234375 0.053125
1 0.2703125 0.7375 0.046875 0.05
0 0.58359375 0.28125 0.0234375 0.05
1 0.8859375 0.23359375 0.109375 0.0984375
1 0.21484375 0.7125 0.0515625 0.05
1 0.47109375 0.278125 0.0203125 0.021875
0 0.1625 0.809375 0.1 0.175
0 0.4703125 0.32109375 0.034375 0.0546875
0 0.47421875 0.7375 0.0609375 0.1125