1 0.4046875 0.1953125 0.084375 0.071875
1 0.33359375 0.22109375 0.0890625 0.0921875
1 0.215625 0.17265625 0.078125 0.0671875
1 0.371875 0.5484375 0.096875 0.096875
1 0.58984375 0.2515625 0.0921875 0.1125
1 0.24609375 0.23203125 0.0859375 0.0828125
1 0.04609375 0.19765625 0.0921875 0.0984375
1 0.0859375 0.55 0.103125 0.103125
1 0.296875 0.67421875 0.1 0.0921875
1 0.39921875 0.28515625 0.0890625 0.0765625
1 0.50703125 0.24140625 0.0890625 0.1234375
1 0.60546875 0.6359375 0.1171875 0.109375
1 0.7734375 0.24921875 0.103125 0.0984375
1 0.6890625 0.55625 0.096875 0.103125
1 0.14375 0.63828125 0.103125 0.0921875
1 0.1625 0.2671875 0.1 0.103125
1 0.4390625 0.6953125 0.115625 0.1125
1 0.78671875 0.62265625 0.1390625 0.1234375