1 0.3390625 0.44921875 0.021875 0.0453125
1 0.24375 0.62734375 0.028125 0.0296875
1 0.72890625 0.4828125 0.0234375 0.03125
0 0.46171875 0.4703125 0.0296875 0.065625
0 0.5265625 0.43671875 0.0375 0.0734375
1 0.4484375 0.40859375 0.01875 0.0265625
1 0.81328125 0.28515625 0.0171875 0.0234375
1 0.7734375 0.309375 0.015625 0.021875
1 0.153125 0.41796875 0.028125 0.0328125
1 0.85078125 0.93828125 0.0609375 0.0578125
1 0.321875 0.45546875 0.028125 0.0390625
1 0.371875 0.4359375 0.028125 0.04375
1 0.59765625 0.7890625 0.0359375 0.04375
1 0.821875 0.76796875 0.034375 0.0484375
1 0.09453125 0.51640625 0.0390625 0.0453125
1 0.715625 0.79296875 0.040625 0.0515625
1 0.284375 0.8734375 0.0375 0.06875
1 0.91953125 0.5109375 0.0296875 0.05
1 0.5078125 0.5 0.028125 0.046875