0 0.01328125 0.409375 0.0265625 0.178125
1 0.02890625 0.22578125 0.0296875 0.0359375
1 0.7796875 0.16328125 0.03125 0.0390625
1 0.10234375 0.0125 0.0328125 0.021875
1 0.74609375 0.12734375 0.0390625 0.0546875
1 0.71171875 0.13203125 0.0453125 0.0515625
0 0.14375 0.36796875 0.065625 0.1765625
1 0.021875 0.27890625 0.040625 0.0546875
0 0.91171875 0.2921875 0.0859375 0.175
1 0.984375 0.375 0.028125 0.08125
0 0.22890625 0.3765625 0.0859375 0.221875
1 0.07578125 0.23125 0.0359375 0.0375
1 0.22109375 0.203125 0.0484375 0.059375
1 0.14375 0.2328125 0.046875 0.04375
1 0.3609375 0.1703125 0.09375 0.1125
1 0.825 0.16015625 0.05625 0.0640625
0 0.94921875 0.5703125 0.0953125 0.25
1 0.9265625 0.1546875 0.04375 0.059375
1 0.58125 0.11875 0.065625 0.065625