1 0.68984375 0.3171875 0.0546875 0.090625
0 0.38203125 0.51328125 0.0765625 0.1953125
0 0.7890625 0.503125 0.084375 0.26875
1 0.17890625 0.36171875 0.0296875 0.0578125
1 0.8890625 0.29375 0.046875 0.065625
1 0.0515625 0.353125 0.0375 0.0625
0 0.29453125 0.49609375 0.0703125 0.1703125
0 0.67109375 0.66875 0.1421875 0.403125
1 0.58046875 0.321875 0.0421875 0.0625
1 0.378125 0.353125 0.04375 0.0625
1 0.84453125 0.29140625 0.0484375 0.0828125
1 0.78125 0.28671875 0.0625 0.0796875
1 0.45390625 0.3265625 0.0390625 0.059375
1 0.12890625 0.3390625 0.0859375 0.11875
1 0.96875 0.3046875 0.059375 0.1125
1 0.50859375 0.33984375 0.0453125 0.0703125
1 0.63828125 0.34140625 0.0859375 0.1234375
1 0.28046875 0.3609375 0.0390625 0.06875