1 0.41171875 0.1546875 0.0328125 0.078125
1 0.12734375 0.153125 0.0390625 0.090625
1 0.853125 0.1 0.0375 0.078125
1 0.77734375 0.0921875 0.0359375 0.078125
1 0.7125 0.0875 0.0375 0.08125
1 0.18125 0.125 0.028125 0.078125
1 0.06484375 0.11484375 0.0359375 0.0828125
1 0.64609375 0.15859375 0.0421875 0.0890625
1 0.909375 0.09375 0.034375 0.078125
1 0.334375 0.1375 0.03125 0.065625
1 0.278125 0.13125 0.034375 0.078125
1 0.22109375 0.14609375 0.0328125 0.0828125
1 0.4734375 0.109375 0.0375 0.084375
0 0.475 0.3875 0.121875 0.309375