1 0.12734375 0.0828125 0.0265625 0.025
1 0.08671875 0.39765625 0.0109375 0.0140625
0 0.10703125 0.42421875 0.0171875 0.0359375
1 0.10703125 0.3921875 0.0109375 0.0125
0 0.08828125 0.44375 0.0171875 0.05
0 0.19375 0.50625 0.03125 0.128125
1 0.65859375 0.3609375 0.0203125 0.03125
1 0.8703125 0.46328125 0.0375 0.0796875
1 0.61484375 0.33828125 0.0296875 0.0390625
0 0.7484375 0.4625 0.0625 0.134375
1 0.6375 0.33359375 0.021875 0.0390625
1 0.91953125 0.96953125 0.0453125 0.0453125
1 0.18671875 0.4109375 0.0234375 0.03125
0 0.9421875 0.5203125 0.09375 0.140625
1 0.1515625 0.45078125 0.028125 0.0421875
0 0.290625 0.51875 0.05625 0.165625
0 0.11640625 0.5671875 0.0765625 0.16875
1 0.3328125 0.3296875 0.040625 0.05625
1 0.28515625 0.3921875 0.0328125 0.040625
0 0.234375 0.51875 0.04375 0.13125
1 0.2328125 0.4109375 0.028125 0.0375
1 0.15546875 0.4046875 0.0203125 0.028125
1 0.38125 0.365625 0.059375 0.090625
1 0.80859375 0.5234375 0.0421875 0.0625
0 0.77578125 0.66484375 0.0703125 0.1921875
1 0.68984375 0.3609375 0.0390625 0.046875
1 0.75859375 0.35546875 0.0296875 0.0453125
1 0.52734375 0.328125 0.0453125 0.05