0 0.59453125 0.1953125 0.1609375 0.1875
0 0.8484375 0.1984375 0.140625 0.190625
0 0.60546875 0.5328125 0.1578125 0.1625
0 0.6328125 0.809375 0.128125 0.16875
1 0.40703125 0.68359375 0.0734375 0.0484375
1 0.440625 0.38125 0.090625 0.065625
1 0.21171875 0.70625 0.0734375 0.053125
1 0.771875 0.66796875 0.071875 0.0546875
1 0.4359375 0.06484375 0.08125 0.0546875
1 0.59921875 0.03125 0.0796875 0.05625
1 0.11640625 0.371875 0.0921875 0.0625
1 0.28046875 0.0375 0.0765625 0.053125
1 0.096875 0.68671875 0.071875 0.0546875
1 0.2984375 0.653125 0.071875 0.046875
1 0.81484375 0.03046875 0.0796875 0.0546875
1 0.85 0.66328125 0.08125 0.0546875
1 0.80546875 0.3609375 0.0953125 0.0625
1 0.62421875 0.66328125 0.0703125 0.0484375
1 0.5125 0.67578125 0.078125 0.0515625
1 0.11953125 0.0625 0.0828125 0.059375
1 0.71875 0.090625 0.078125 0.05625
1 0.64375 0.375 0.09375 0.06875
1 0.32734375 0.33046875 0.0921875 0.0640625