1 0.3078125 0.33046875 0.009375 0.0171875
1 0.4375 0.309375 0.015625 0.021875
1 0.20546875 0.25234375 0.0140625 0.0265625
1 0.48984375 0.32734375 0.0109375 0.0265625
0 0.30625 0.3640625 0.01875 0.0375
1 0.171875 0.31484375 0.015625 0.0265625
0 0.434375 0.346875 0.021875 0.04375
1 0.475 0.30234375 0.015625 0.0203125
1 0.81171875 0.225 0.0171875 0.028125
1 0.5421875 0.296875 0.0125 0.01875
0 0.47421875 0.353125 0.0234375 0.059375
0 0.4078125 0.403125 0.028125 0.090625
1 0.5796875 0.22421875 0.01875 0.0265625
1 0.4078125 0.340625 0.01875 0.025
1 0.5625 0.32734375 0.01875 0.0328125
1 0.48984375 0.55 0.0609375 0.103125
1 0.4921875 0.45546875 0.0375 0.0640625
0 0.34921875 0.334375 0.0203125 0.04375
0 0.8125 0.28046875 0.034375 0.0546875