1 0.6578125 0.4171875 0.04375 0.03125
1 0.51875 0.40078125 0.0375 0.0328125
1 0.4125 0.4234375 0.059375 0.040625
0 0.72734375 0.51640625 0.0859375 0.1203125
1 0.46796875 0.38828125 0.0484375 0.0390625
1 0.31875 0.346875 0.0875 0.065625
0 0.59453125 0.51484375 0.0890625 0.1359375
1 0.59921875 0.39296875 0.0546875 0.0453125
1 0.725 0.41015625 0.0625 0.0390625
1 0.87265625 0.41953125 0.0578125 0.0390625
0 0.86953125 0.53203125 0.0953125 0.1328125
1 0.23828125 0.396875 0.0796875 0.059375
0 0.41484375 0.54453125 0.1046875 0.1296875
0 0.25625 0.5546875 0.13125 0.184375