1 0.4 0.47734375 0.040625 0.0359375
0 0.26640625 0.43671875 0.0578125 0.0828125
1 0.88359375 0.396875 0.0359375 0.03125
1 0.409375 0.37890625 0.03125 0.0359375
1 0.19375 0.36875 0.040625 0.03125
1 0.12734375 0.371875 0.0484375 0.0375
0 0.5703125 0.4328125 0.06875 0.075
1 0.32109375 0.37421875 0.0390625 0.0328125
0 0.78046875 0.46796875 0.0859375 0.1109375
1 0.51953125 0.434375 0.0359375 0.0375
0 0.46171875 0.47890625 0.0765625 0.1078125
1 0.0625 0.35703125 0.0625 0.0484375
1 0.27109375 0.36953125 0.0390625 0.0328125
1 0.62890625 0.39921875 0.0546875 0.0453125
0 0.88125 0.48671875 0.0875 0.1078125
1 0.4328125 0.39609375 0.05 0.0390625
1 0.5734375 0.38046875 0.0375 0.0421875
1 0.7609375 0.38984375 0.053125 0.0453125
1 0.8515625 0.403125 0.05 0.0375
0 0.66484375 0.4765625 0.0921875 0.1125
0 0.07109375 0.48515625 0.1265625 0.1546875