1 0.26328125 0.8140625 0.0203125 0.025
1 0.86328125 0.71953125 0.0234375 0.0234375
0 0.75859375 0.5609375 0.0265625 0.065625
0 0.57734375 0.36015625 0.0609375 0.0984375
1 0.77109375 0.49375 0.0265625 0.03125
0 0.84453125 0.8375 0.0515625 0.115625
0 0.08671875 0.48125 0.0453125 0.1125
1 0.0140625 0.50390625 0.028125 0.0421875
1 0.0765625 0.39140625 0.028125 0.0296875
1 0.3375 0.8578125 0.025 0.05
0 0.14140625 0.75390625 0.0515625 0.1140625
1 0.4359375 0.440625 0.0375 0.040625
1 0.990625 0.4765625 0.015625 0.0375
1 0.85546875 0.75 0.0328125 0.040625
1 0.1203125 0.30859375 0.025 0.0421875
0 0.428125 0.55078125 0.05 0.1515625
1 0.1953125 0.7890625 0.040625 0.059375
1 0.09453125 0.321875 0.0359375 0.046875
1 0.15625 0.6671875 0.040625 0.05
1 0.0171875 0.30625 0.03125 0.0375