1 0.16640625 0.36328125 0.0203125 0.0546875
1 0.84375 0.26875 0.015625 0.025
0 0.9390625 0.35234375 0.021875 0.0578125
0 0.8140625 0.36171875 0.021875 0.0796875
1 0.19140625 0.3546875 0.0234375 0.0375
0 0.84296875 0.33125 0.0265625 0.0875
1 0.48359375 0.38359375 0.0234375 0.0453125
1 0.93984375 0.30625 0.0140625 0.021875
1 0.64453125 0.33359375 0.0203125 0.0265625
1 0.8640625 0.2515625 0.01875 0.028125
1 0.015625 0.15859375 0.03125 0.0640625
1 0.31171875 0.41484375 0.0421875 0.0828125
0 0.0859375 0.80078125 0.165625 0.3796875
1 0.8953125 0.60390625 0.20625 0.4046875
1 0.0953125 0.46640625 0.090625 0.1515625
1 0.3859375 0.446875 0.121875 0.2125