1 0.3765625 0.29453125 0.053125 0.0453125
0 0.24140625 0.6109375 0.1203125 0.23125
0 0.13125 0.66328125 0.103125 0.2609375
1 0.6171875 0.4015625 0.0625 0.059375
0 0.4953125 0.5578125 0.128125 0.2375
0 0.959375 0.61484375 0.078125 0.2265625
1 0.8609375 0.421875 0.059375 0.0625
0 0.6234375 0.6140625 0.125 0.24375
1 0.6546875 0.259375 0.05 0.04375
1 0.23984375 0.4046875 0.0640625 0.046875
1 0.50625 0.365625 0.0625 0.05625
1 0.31640625 0.18984375 0.0578125 0.0453125
1 0.12734375 0.45 0.0671875 0.06875
1 0.3328125 0.4375 0.065625 0.053125
1 0.44375 0.21796875 0.05625 0.0484375
1 0.97421875 0.42421875 0.0484375 0.0515625
1 0.03828125 0.459375 0.0703125 0.065625
0 0.84609375 0.603125 0.1296875 0.2
1 0.73125 0.275 0.05625 0.04375