0 0.48984375 0.88046875 0.0828125 0.1890625
0 0.8609375 0.10390625 0.0625 0.1953125
0 0.98046875 0.86796875 0.0359375 0.2265625
0 0.0265625 0.71328125 0.053125 0.1578125
1 0.371875 0.65 0.028125 0.06875
1 0.4015625 0.65625 0.03125 0.06875
1 0.5203125 0.76328125 0.053125 0.0828125
0 0.375 0.75078125 0.059375 0.1453125
1 0.5234375 0.20703125 0.046875 0.0765625
1 0.8890625 0.53984375 0.05 0.0890625
1 0.4234375 0.77265625 0.05 0.0890625
0 0.4078125 0.9203125 0.09375 0.15625
0 0.165625 0.69140625 0.06875 0.1765625
1 0.0171875 0.590625 0.034375 0.0625
1 0.16875 0.5625 0.04375 0.09375