0 0.471875 0.53359375 0.059375 0.1828125
0 0.51484375 0.49296875 0.0515625 0.1703125
0 0.57734375 0.50703125 0.0453125 0.1359375
1 0.52265625 0.34609375 0.0390625 0.0546875
1 0.475 0.378125 0.04375 0.059375
1 0.76484375 0.41328125 0.0296875 0.0359375
1 0.57578125 0.39453125 0.0296875 0.0359375
0 0.40703125 0.53125 0.0890625 0.25
1 0.8875 0.4203125 0.034375 0.04375
0 0.76796875 0.534375 0.0609375 0.140625
1 0.415625 0.3109375 0.0625 0.090625
0 0.89296875 0.53828125 0.0640625 0.1328125
1 0.06796875 0.23203125 0.1359375 0.2015625
0 0.07109375 0.6875 0.1421875 0.603125