1 0.30078125 0.1296875 0.0421875 0.04375
1 0.6328125 0.2265625 0.075 0.065625
1 0.70078125 0.18984375 0.0828125 0.0828125
1 0.55234375 0.23984375 0.0671875 0.0578125
1 0.5359375 0.15390625 0.065625 0.0609375
1 0.184375 0.14765625 0.05 0.0484375
1 0.8078125 0.225 0.096875 0.078125
0 0.80078125 0.5015625 0.1828125 0.325
0 0.178125 0.275 0.084375 0.1375
0 0.221875 0.2953125 0.065625 0.134375
0 0.65859375 0.428125 0.0734375 0.290625
0 0.30546875 0.34140625 0.0859375 0.1828125
0 0.42109375 0.34375 0.0796875 0.234375
1 0.2296875 0.165625 0.053125 0.046875
1 0.26953125 0.196875 0.0578125 0.04375
1 0.3203125 0.18671875 0.05625 0.0515625
1 0.3671875 0.1578125 0.0625 0.05625
1 0.44375 0.16328125 0.065625 0.0921875
1 0.49296875 0.175 0.0515625 0.05